checkpoint: finetune/0/stage_0/5.pth
lamb: 8192.0
intra_period: 32
width: 832
height: 480
frame_num: 96
i_num: 3
p_num: 93
avg_time: 3.407059669494629
all_frame_avg:
  rate: 0.09462167103386794
  distortion: 34.360883283954045
i_frame_avg:
  rate: 0.6237529118855795
  distortion: 37.38363264880149
p_frame_avg:
  rate: 0.07755292132897403
  distortion: 34.26337523992672
distortion:
- 37.41731125779943
- 36.85682931547202
- 35.53466080894391
- 35.276131211726785
- 35.93845340017017
- 35.08610495544981
- 34.866754301665345
- 34.66730695790168
- 35.38838090570124
- 34.805689192667295
- 34.372144868494104
- 34.26629829190963
- 34.97005453151909
- 34.23455469624096
- 34.026995476500375
- 33.91367096140911
- 34.64438034050092
- 33.848992540441174
- 33.81046553116626
- 33.6300680403104
- 34.424469529887716
- 33.82241688843835
- 33.58678151766974
- 33.43635456320249
- 34.284693256644026
- 33.621660337928596
- 33.37259085128195
- 33.22185750039071
- 34.085649816874536
- 33.45328132670966
- 33.27310768907558
- 33.147071640247724
- 37.3718752719733
- 35.214477924137654
- 34.9717566057658
- 34.792817449996136
- 35.732854227889185
- 34.8926501675207
- 34.62614742911078
- 34.32847990697327
- 35.17470877511937
- 34.284543080826055
- 34.027932272042925
- 33.92116814804869
- 34.801614822271006
- 34.003574292392784
- 33.772772019162616
- 33.63422955609215
- 34.49033554558267
- 33.84183310701872
- 33.644941921723785
- 33.570250736643345
- 34.37221785373646
- 33.57923137903435
- 33.48137621061849
- 33.35199213405691
- 34.2145087231554
- 33.602342220051135
- 33.40803982770184
- 33.30018405257047
- 34.137752376579414
- 33.491465744894036
- 33.29778037467615
- 33.17911586382564
- 37.36171141663172
- 35.288093988539934
- 35.125658951986786
- 34.88456251686558
- 35.75562422276214
- 34.927576132206326
- 34.58712544531518
- 34.3681014658548
- 35.256607940299325
- 34.62064552980607
- 34.329519674400835
- 34.23624834719352
- 34.966731315592746
- 34.2948161543637
- 34.18248970031276
- 34.016850971144635
- 34.92547910994
- 34.326124227366215
- 34.0528852629225
- 33.98111794626854
- 34.65946491265721
- 34.08134259882394
- 33.89154688848466
- 33.718680072638634
- 34.54889874829777
- 33.84716808844245
- 33.7198458465424
- 33.647630294618565
- 34.37435226318509
- 33.851700433002215
- 33.61283294744898
- 33.4032093201411
rate:
- 0.6145973205566406
- 0.00777534069493413
- 0.047511421144008636
- 0.05496164644137025
- 0.13157871970906854
- 0.048356210347265005
- 0.052478574216365814
- 0.056074205320328474
- 0.13918595621362329
- 0.046584307216107845
- 0.05303583713248372
- 0.05812301719561219
- 0.1460452787578106
- 0.05133927147835493
- 0.051913623698055744
- 0.051977166440337896
- 0.14805932249873877
- 0.057785233948379755
- 0.05377016309648752
- 0.05302349664270878
- 0.15385331120342016
- 0.04852085467427969
- 0.05210899515077472
- 0.052320572547614574
- 0.16904280660673976
- 0.050586442928761244
- 0.057575063314288855
- 0.059126378037035465
- 0.17541643045842648
- 0.056820548605173826
- 0.05980750406160951
- 0.06749762082472444
- 0.6260477900505066
- 0.0701573770493269
- 0.06573750637471676
- 0.0701202005147934
- 0.15683730505406857
- 0.05929642263799906
- 0.06253236858174205
- 0.06877839146181941
- 0.1678083506412804
- 0.06510666944086552
- 0.0655779973603785
- 0.06917317444458604
- 0.16487109055742621
- 0.0629548653960228
- 0.06646325066685677
- 0.06740632466971874
- 0.1693072342313826
- 0.06123189954087138
- 0.06421070778742433
- 0.06280410708859563
- 0.16344895493239164
- 0.06035423884168267
- 0.06924174213781953
- 0.06604623654857278
- 0.17317197751253843
- 0.0562868807464838
- 0.06266188900917768
- 0.06255733640864491
- 0.16949300142005086
- 0.054044959135353565
- 0.05771532282233238
- 0.06228925660252571
- 0.6306136250495911
- 0.0648151021450758
- 0.05723838973790407
- 0.0562348822131753
- 0.1468385444022715
- 0.05081525398418307
- 0.05673609487712383
- 0.05797683773562312
- 0.15565847791731358
- 0.04870569333434105
- 0.051101002376526594
- 0.051972043700516224
- 0.1374714095145464
- 0.04717491613700986
- 0.04828030476346612
- 0.04904572572559118
- 0.14354223851114511
- 0.04012193437665701
- 0.04946427885442972
- 0.04828477883711457
- 0.13753209402784705
- 0.03874076344072819
- 0.046965368557721376
- 0.05012593138962984
- 0.14888984337449074
- 0.043179390486329794
- 0.04741938505321741
- 0.04488817322999239
- 0.14095829147845507
- 0.04006266826763749
- 0.05017790803685784
- 0.052061596885323524
img_rate:
- 0.6145973205566406
- 0
- 0
- 0
- 0
- 0
- 0
- 0
- 0
- 0
- 0
- 0
- 0
- 0
- 0
- 0
- 0
- 0
- 0
- 0
- 0
- 0
- 0
- 0
- 0
- 0
- 0
- 0
- 0
- 0
- 0
- 0
- 0.6260477900505066
- 0
- 0
- 0
- 0
- 0
- 0
- 0
- 0
- 0
- 0
- 0
- 0
- 0
- 0
- 0
- 0
- 0
- 0
- 0
- 0
- 0
- 0
- 0
- 0
- 0
- 0
- 0
- 0
- 0
- 0
- 0
- 0.6306136250495911
- 0
- 0
- 0
- 0
- 0
- 0
- 0
- 0
- 0
- 0
- 0
- 0
- 0
- 0
- 0
- 0
- 0
- 0
- 0
- 0
- 0
- 0
- 0
- 0
- 0
- 0
- 0
- 0
- 0
- 0
- 0
mv_rate:
- 0
- 0.002594701014459133
- 0.010987311601638794
- 0.00738980108872056
- 0.006889684591442347
- 0.006436636205762625
- 0.0058946870267391205
- 0.005532569717615843
- 0.005605197045952082
- 0.00554791372269392
- 0.004911471623927355
- 0.006216126028448343
- 0.005679856985807419
- 0.005955061875283718
- 0.005269826389849186
- 0.005089645739644766
- 0.005439980886876583
- 0.005803449545055628
- 0.0055131735280156136
- 0.0051065776497125626
- 0.004894598387181759
- 0.005448422394692898
- 0.004968992900103331
- 0.005321609787642956
- 0.00567547557875514
- 0.005867231171578169
- 0.005240654107183218
- 0.005624410696327686
- 0.005520632490515709
- 0.006079524289816618
- 0.006065713707357645
- 0.005835785064846277
- 0
- 0.0127642173320055
- 0.008304106071591377
- 0.00869501382112503
- 0.008669724687933922
- 0.007633534260094166
- 0.006459448020905256
- 0.0063895913772284985
- 0.006563883740454912
- 0.007053734734654427
- 0.00589838856831193
- 0.006358484271913767
- 0.0064389645121991634
- 0.006746295839548111
- 0.005905549973249435
- 0.00627070851624012
- 0.006638037506490946
- 0.006585370283573866
- 0.005707988981157541
- 0.00649258540943265
- 0.006315897218883038
- 0.00652724364772439
- 0.006384792272001505
- 0.005997268948704004
- 0.0063563985750079155
- 0.006510617211461067
- 0.006048685871064663
- 0.00640635984018445
- 0.006889816839247942
- 0.0063730524852871895
- 0.005780864506959915
- 0.006553817540407181
- 0
- 0.014407718554139137
- 0.008484777994453907
- 0.007516586221754551
- 0.007763488683849573
- 0.00741463853046298
- 0.006126919761300087
- 0.0064339409582316875
- 0.006380775943398476
- 0.0064221881330013275
- 0.005214813631027937
- 0.00593539047986269
- 0.0050904471427202225
- 0.005578604061156511
- 0.0046723210252821445
- 0.005155167542397976
- 0.005621709860861301
- 0.005416820757091045
- 0.0053830379620194435
- 0.005121307913213968
- 0.005010732915252447
- 0.005390850827097893
- 0.005050078500062227
- 0.004814700223505497
- 0.005166221410036087
- 0.0049641854129731655
- 0.005291045643389225
- 0.004892752505838871
- 0.004882258363068104
- 0.00506920600309968
- 0.004828742239624262
- 0.005253290757536888
res_rate:
- 0
- 0.005180639680474997
- 0.03652410954236984
- 0.04757184535264969
- 0.12468903511762619
- 0.04191957414150238
- 0.046583887189626694
- 0.05054163560271263
- 0.1335807591676712
- 0.041036393493413925
- 0.048124365508556366
- 0.05190689116716385
- 0.14036542177200317
- 0.04538420960307121
- 0.04664379730820656
- 0.04688752070069313
- 0.14261934161186218
- 0.05198178440332413
- 0.04825698956847191
- 0.047916918992996216
- 0.1489587128162384
- 0.04307243227958679
- 0.04714000225067139
- 0.04699896275997162
- 0.16336733102798462
- 0.044719211757183075
- 0.05233440920710564
- 0.05350196734070778
- 0.16989579796791077
- 0.05074102431535721
- 0.05374179035425186
- 0.06166183575987816
- 0
- 0.057393159717321396
- 0.05743340030312538
- 0.061425186693668365
- 0.14816758036613464
- 0.05166288837790489
- 0.05607292056083679
- 0.06238880008459091
- 0.1612444669008255
- 0.05805293470621109
- 0.059679608792066574
- 0.06281469017267227
