checkpoint: finetune/0/stage_0/5.pth
lamb: 8192.0
intra_period: 32
width: 1920
height: 1080
frame_num: 96
i_num: 3
p_num: 93
avg_time: 10.386276721954346
all_frame_avg:
  rate: 0.06975189538691969
  distortion: 36.012919772032106
i_frame_avg:
  rate: 0.3174180289109548
  distortion: 38.16652911433443
p_frame_avg:
  rate: 0.06176266527324114
  distortion: 35.94344850292558
distortion:
- 38.57948072686297
- 36.82002091036989
- 36.732137598703325
- 36.653795364423
- 37.330581413135626
- 36.58921579456849
- 36.45797885055152
- 36.379823089046525
- 37.20899067142169
- 36.5153737742223
- 36.407096104609785
- 36.366745890696535
- 37.20594303933373
- 36.6083655048764
- 36.485456367077255
- 36.38777649038394
- 37.24895769067397
- 36.63318123227805
- 36.491074379647195
- 36.381620661079815
- 37.230420261176036
- 36.582697725269824
- 36.365269175760055
- 36.26218060038529
- 37.11692604189632
- 36.37282006989169
- 36.16780995977634
- 36.04170905923728
- 36.92828441702395
- 36.269033024409005
- 36.14390731569264
- 36.09797974835885
- 38.4684628942811
- 36.556184889714984
- 36.4903036723651
- 36.358236559852145
- 37.160188877291276
- 36.39785388576637
- 36.17970131622385
- 36.06795219099486
- 36.916963304428
- 36.14280292626793
- 35.929305308918195
- 35.73100971840646
- 36.53789467832349
- 35.714806165716226
- 35.48644685279996
- 35.35388834185105
- 36.224388905433415
- 35.55265131543149
- 35.35431549231763
- 35.25499862554619
- 36.127148083297314
- 35.494980032287486
- 35.32950257941756
- 35.18788146796304
- 35.965161692965076
- 35.16736071439949
- 34.95627512627199
- 34.795332162966076
- 35.68174917092313
- 34.95141553016012
- 34.83761462776719
- 34.80980029022496
- 37.451643721859234
- 35.67965138794894
- 35.361050940111454
- 34.982214752281735
- 35.685559750046664
- 34.888236323521426
- 34.805222155722994
- 34.76650296665039
- 35.701235320286486
- 35.003944556395005
- 34.916621567323205
- 34.844805259503914
- 35.71192849356966
- 35.13279537775907
- 35.098723769678365
- 35.086436023705886
- 35.986900561512755
- 35.36066525467652
- 35.33502423030282
- 35.34581637978725
- 36.25044722278765
- 35.60500681185458
- 35.563017167062824
- 35.539560788443495
- 36.41906291222681
- 35.82913978737379
- 35.690734294392115
- 35.54205881547378
- 36.37976597443127
- 35.781625865676844
- 35.67142992391345
- 35.57823940538921
rate:
- 0.2662259638309479
- 0.05464727059006691
- 0.04356265068054199
- 0.04184716288000345
- 0.09276611916720867
- 0.03975821379572153
- 0.042235685512423515
- 0.04241054179146886
- 0.09289686707779765
- 0.03715081140398979
- 0.039605427300557494
- 0.038846459705382586
- 0.08743172790855169
- 0.03195121884346008
- 0.03606262314133346
- 0.03746053855866194
- 0.08915846096351743
- 0.03117007901892066
- 0.035261876648291945
- 0.03484775871038437
- 0.08938552625477314
- 0.03250924497842789
- 0.036600811406970024
- 0.03853683918714523
- 0.09567565307952464
- 0.03787531633861363
- 0.04211943782866001
- 0.04354813089594245
- 0.10185503726825118
- 0.0352186297532171
- 0.038178157061338425
- 0.03934765118174255
- 0.277533620595932
- 0.06007537432014942
- 0.0482590002939105
- 0.044537050649523735
- 0.09990049758926034
- 0.03865668037906289
- 0.040602509630844
- 0.041380122769623995
- 0.10035578301176429
- 0.03759096655994654
- 0.044053953140974045
- 0.04694015020504594
- 0.11650755954906344
- 0.04503801558166742
- 0.050652874168008566
- 0.050300822127610445
- 0.12040596082806587
- 0.04523257305845618
- 0.05095054395496845
- 0.050506099592894316
- 0.12049222784116864
- 0.04729251749813557
- 0.05174702079966664
- 0.051936895586550236
- 0.127000380307436
- 0.050003408920019865
- 0.055247933603823185
- 0.06043305899947882
- 0.14153110515326262
- 0.052898503839969635
- 0.05477082636207342
- 0.0545380637049675
- 0.4084945023059845
- 0.061181917786598206
- 0.06110591348260641
- 0.06532634003087878
- 0.1490768645890057
- 0.05871510040014982
- 0.06215486628934741
- 0.0616179583594203
- 0.13789964700117707
- 0.053843559231609106
- 0.05493543948978186
- 0.05458553647622466
- 0.13516350975260139
- 0.055342765524983406
- 0.05726858368143439
- 0.054750554263591766
- 0.12910109665244818
- 0.050934653263539076
- 0.05305425403639674
- 0.052070260513573885
- 0.12059465656057
- 0.04483859846368432
- 0.043736152816563845
- 0.046514324843883514
- 0.10889002028852701
- 0.039269108325242996
- 0.04355813469737768
- 0.04854671098291874
- 0.11259751114994287
- 0.0456362497061491
- 0.04968266561627388
- 0.052174507174640894
img_rate:
- 0.2662259638309479
- 0
- 0
- 0
- 0
- 0
- 0
- 0
- 0
- 0
- 0
- 0
- 0
- 0
- 0
- 0
- 0
- 0
- 0
- 0
- 0
- 0
- 0
- 0
- 0
- 0
- 0
- 0
- 0
- 0
- 0
- 0
- 0.277533620595932
- 0
- 0
- 0
- 0
- 0
- 0
- 0
- 0
- 0
- 0
- 0
- 0
- 0
- 0
- 0
- 0
- 0
- 0
- 0
- 0
- 0
- 0
- 0
- 0
- 0
- 0
- 0
- 0
- 0
- 0
- 0
- 0.4084945023059845
- 0
- 0
- 0
- 0
- 0
- 0
- 0
- 0
- 0
- 0
- 0
- 0
- 0
- 0
- 0
- 0
- 0
- 0
- 0
- 0
- 0
- 0
- 0
- 0
- 0
- 0
- 0
- 0
- 0
- 0
- 0
mv_rate:
- 0
- 0.013771098107099533
- 0.006061561405658722
- 0.004343942739069462
- 0.0043985601514577866
- 0.00418951828032732
- 0.00376894511282444
- 0.00406495900824666
- 0.003951105754822493
- 0.0035402588546276093
- 0.003502420848235488
- 0.0033633378334343433
- 0.0036328500136733055
- 0.003149682655930519
- 0.003223354695364833
- 0.003100845031440258
- 0.0033635725267231464
- 0.0029569952748715878
- 0.0031027530785650015
- 0.0031358078122138977
- 0.003598058596253395
- 0.0031530391424894333
- 0.0032898802310228348
- 0.0033062435686588287
- 0.003669886151328683
- 0.003395266132429242
- 0.003626229241490364
- 0.003660013433545828
- 0.003948052879422903
- 0.003651305800303817
- 0.0036309249699115753
- 0.0036936241667717695
- 0
- 0.014209559187293053
- 0.006604495458304882
- 0.00491088442504406
- 0.0048308284021914005
- 0.004515735898166895
- 0.003693853272125125
- 0.00397532107308507
- 0.00403908034786582
- 0.004063074477016926
- 0.0039428770542144775
- 0.004229708109050989
- 0.004490978550165892
- 0.004480556584894657
- 0.004262955393642187
- 0.004458088893443346
- 0.004675593227148056
- 0.004659408237785101
- 0.004463372752070427
- 0.004691544454544783
- 0.004783995915204287
- 0.004365762695670128
- 0.004205700475722551
- 0.00429083127528429
- 0.004320163279771805
- 0.004440526943653822
- 0.004474048502743244
- 0.004829744808375835
- 0.004707436077296734
- 0.004395756870508194
- 0.004094104282557964
- 0.004449028521776199
- 0
- 0.010005984455347061
- 0.006551126949489117
- 0.006223488133400679
- 0.006706700194627047
- 0.00613305252045393
- 0.005007158499211073
- 0.005463491193950176
- 0.005053380969911814
- 0.0050438991747796535
- 0.0044702207669615746
- 0.004636132624000311
- 0.005168640520423651
- 0.00515383668243885
- 0.004720901604741812
- 0.004675865173339844
- 0.004702030681073666
- 0.004861540626734495
- 0.004176485817879438
- 0.00409479858353734
- 0.0042414129711687565
- 0.004156055394560099
- 0.003923081327229738
- 0.0042688921093940735
- 0.004186117090284824
- 0.00421537458896637
- 0.00398369412869215
- 0.004135718569159508
- 0.004415453411638737
- 0.004265235736966133
- 0.004245840013027191
- 0.004451247397810221
res_rate:
- 0
- 0.04087617248296738
- 0.03750108927488327
- 0.03750322014093399
- 0.08836755901575089
- 0.03556869551539421
- 0.038466740399599075
- 0.0383455827832222
- 0.08894576132297516
- 0.03361055254936218
- 0.036103006452322006
- 0.03548312187194824
- 0.08379887789487839
- 0.028801536187529564
- 0.03283926844596863
- 0.03435969352722168
- 0.08579488843679428
- 0.028213083744049072
- 0.032159123569726944
- 0.03171195089817047
- 0.08578746765851974
- 0.029356205835938454
- 0.03331093117594719
- 0.035230595618486404
- 0.09200576692819595
- 0.03448005020618439
- 0.03849320858716965
- 0.03988811746239662
- 0.09790698438882828
- 0.031567323952913284
- 0.03454723209142685
- 0.03565402701497078
- 0
- 0.04586581513285637
- 0.04165450483560562
- 0.039626166224479675
- 0.09506966918706894
- 0.034140944480895996
- 0.03690865635871887
- 0.037404801696538925
- 0.09631670266389847
- 0.03352789208292961
