checkpoint: finetune/0/stage_0/5.pth
lamb: 8192.0
intra_period: 32
width: 416
height: 240
frame_num: 96
i_num: 3
p_num: 93
avg_time: 2.365159749984741
all_frame_avg:
  rate: 0.10725453003396979
  distortion: 34.7062901068197
i_frame_avg:
  rate: 0.642810732126236
  distortion: 38.42757319367289
p_frame_avg:
  rate: 0.08997852351486442
  distortion: 34.58624871692121
distortion:
- 37.45912489138318
- 35.696057170912844
- 35.27971739605157
- 35.07337391469271
- 35.91960686929887
- 35.29922944793395
- 34.89188205065773
- 34.651702665366024
- 35.538203275687344
- 34.84196342161263
- 34.56120161874857
- 34.31567414494906
- 35.03374447479108
- 34.49033981088163
- 34.21306461066564
- 34.01636398280264
- 34.81002869240419
- 34.267315510488885
- 33.948005864350804
- 33.79683508544318
- 34.542574187173216
- 34.04562165558025
- 33.77968502006408
- 33.587847445011896
- 34.29557634072117
- 33.84782193346081
- 33.61597869076555
- 33.42047970823976
- 34.1388677683045
- 33.71668407299967
- 33.49612887005813
- 33.362515726872026
- 37.60651466339382
- 35.93719693004231
- 35.4654912854684
- 35.1882850847907
- 35.74629228811931
- 34.81337729159562
- 34.40579699457251
- 34.14938612716138
- 35.12944456147508
- 34.44506444777103
- 34.24595373134523
- 34.17354448160194
- 35.127291829705946
- 34.59659095550557
- 34.40311055003384
- 34.139177559119965
- 35.09467355570109
- 34.370620760318296
- 34.141210925387966
- 34.06166370865263
- 34.83273055908088
- 34.200516065170284
- 33.94190400747259
- 34.15832909017089
- 35.64134860051995
- 35.19944635179637
- 35.137554154814865
- 35.22321548035461
- 36.726333274435376
- 35.94850832390548
- 35.73598113363926
- 35.536378994433505
- 40.21708002624169
- 36.88613235877344
- 36.25459430624104
- 35.949089662121025
- 37.42690969970226
- 36.23958844023694
- 35.78974430615573
- 35.3172447552592
- 36.705340224261455
- 35.085235817523845
- 34.31778811203256
- 33.865337612376926
- 35.02814810573982
- 33.65364315703662
- 33.26523976470378
- 32.93301011870928
- 34.390797677727186
- 33.46178157356122
- 33.25466551054399
- 33.10671550196078
- 34.40596641231976
- 33.442860531899
- 33.329818871029396
- 33.21595609940405
- 34.6345228650004
- 33.64050445139074
- 33.49643873568101
- 33.422408013265084
- 34.76526226712424
- 33.829765077293516
- 33.57020846250564
- 33.42590165093981
rate:
- 0.7537205219268799
- 0.050758931785821915
- 0.04742981493473053
- 0.04873216012492776
- 0.13065834250301123
- 0.03148450795561075
- 0.04235111176967621
- 0.045119384303689
- 0.13375923410058022
- 0.03505058540031314
- 0.04714096477255225
- 0.04809387028217316
- 0.14029009081423283
- 0.03161953715607524
- 0.03932148963212967
- 0.04292186163365841
- 0.14026861265301704
- 0.031357025261968374
- 0.03962097014300525
- 0.0405094837769866
- 0.14292033296078444
- 0.027321784757077694
- 0.03864792198874056
- 0.03936502570286393
- 0.14749350515194237
- 0.02661431673914194
- 0.037200183141976595
- 0.038914717733860016
- 0.1513672466389835
- 0.030984874814748764
- 0.040215883404016495
- 0.043576125521212816
- 0.7144972681999207
- 0.04431218560785055
- 0.0467821229249239
- 0.04517430393025279
- 0.1244697249494493
- 0.035946028772741556
- 0.04841723898425698
- 0.049447810277342796
- 0.14472441421821713
- 0.040223244577646255
- 0.046986619010567665
- 0.04944656090810895
- 0.15230640303343534
- 0.0380027792416513
- 0.05437322147190571
- 0.05985753517597914
- 0.16570133343338966
- 0.05192407127469778
- 0.06022817175835371
- 0.0659797047264874
- 0.16435392573475838
- 0.056551103945821524
- 0.06438878690823913
- 0.06546780513599515
- 0.16847031190991402
- 0.058373997919261456
- 0.07057609222829342
- 0.06929968111217022
- 0.1633077645674348
- 0.057338835671544075
- 0.06426151050254703
- 0.06522972602397203
- 0.46021440625190735
- 0.08416804485023022
- 0.07694188039749861
- 0.0727219944819808
- 0.17028864286839962
- 0.05679410882294178
- 0.07186330109834671
- 0.07713607605546713
- 0.20343382051214576
- 0.07792483828961849
- 0.09511198569089174
- 0.11464687529951334
- 0.2709920285269618
- 0.09548828471451998
- 0.11928856372833252
- 0.12386189587414265
- 0.291409932076931
- 0.10195017512887716
- 0.11478874459862709
- 0.12046966422349215
- 0.2761272108182311
- 0.10266468208283186
- 0.11021118611097336
- 0.10763023514300585
- 0.25902616046369076
- 0.09126425441354513
- 0.10573602188378572
- 0.10832891054451466
- 0.24326080922037363
- 0.09119438845664263
- 0.10526485461741686
- 0.10498020239174366
img_rate:
- 0.7537205219268799
- 0
- 0
- 0
- 0
- 0
- 0
- 0
- 0
- 0
- 0
- 0
- 0
- 0
- 0
- 0
- 0
- 0
- 0
- 0
- 0
- 0
- 0
- 0
- 0
- 0
- 0
- 0
- 0
- 0
- 0
- 0
- 0.7144972681999207
- 0
- 0
- 0
- 0
- 0
- 0
- 0
- 0
- 0
- 0
- 0
- 0
- 0
- 0
- 0
- 0
- 0
- 0
- 0
- 0
- 0
- 0
- 0
- 0
- 0
- 0
- 0
- 0
- 0
- 0
- 0
- 0.46021440625190735
- 0
- 0
- 0
- 0
- 0
- 0
- 0
- 0
- 0
- 0
- 0
- 0
- 0
- 0
- 0
- 0
- 0
- 0
- 0
- 0
- 0
- 0
- 0
- 0
- 0
- 0
- 0
- 0
- 0
- 0
- 0
mv_rate:
- 0
- 0.014396440237760544
- 0.009173721075057983
- 0.0073868767358362675
- 0.006745106540620327
- 0.005075749941170216
- 0.0043623000383377075
- 0.00495985709130764
- 0.005712810903787613
- 0.004130554851144552
- 0.004395236726850271
- 0.004680514335632324
- 0.004573041573166847
- 0.004338288214057684
- 0.004131954163312912
- 0.005365675315260887
- 0.003951642662286758
- 0.0036091390065848827
- 0.0036890178453177214
- 0.003918389789760113
- 0.00404317956417799
- 0.003428609110414982
- 0.0034849962685257196
- 0.00479222321882844
- 0.0038974371273070574
- 0.003974576480686665
- 0.004096597898751497
- 0.004371803253889084
- 0.004832505714148283
- 0.0040928274393081665
- 0.004069585353136063
- 0.004523661453276873
- 0
- 0.011324780993163586
- 0.008053822442889214
- 0.006643663626164198
- 0.0068319193087518215
- 0.0050673955120146275
- 0.005071303341537714
- 0.005748407915234566
- 0.005244881380349398
- 0.004790380597114563
- 0.005039254203438759
- 0.005459990818053484
- 0.005334715358912945
- 0.005338100250810385
- 0.006319502368569374
- 0.005629855208098888
- 0.005844790488481522
- 0.005450903438031673
- 0.005910872481763363
- 0.006106347311288118
- 0.0062021054327487946
- 0.0066231912933290005
- 0.006404878105968237
- 0.006966960150748491
- 0.006622333079576492
- 0.006281527690589428
- 0.005773840472102165
- 0.006570195779204369
- 0.005951368249952793
- 0.005506278946995735
- 0.005111600738018751
- 0.005280778743326664
- 0
- 0.02065894566476345
- 0.010804655961692333
- 0.007968678139150143
- 0.008664032444357872
- 0.007754849269986153
- 0.0072655826807022095
- 0.006731501780450344
- 0.006516465451568365
- 0.007263956591486931
- 0.007773910649120808
- 0.009539776481688023
- 0.008197772316634655
- 0.009875950403511524
- 0.008491061627864838
- 0.010085726156830788
- 0.009919039905071259
- 0.010034075938165188
- 0.00947093591094017
- 0.009721566922962666
- 0.008888683281838894
- 0.01014863234013319
- 0.00889112800359726
- 0.0100402208045125
- 0.008495291694998741
- 0.008648446761071682
- 0.008405697531998158
- 0.008282395079731941
- 0.009644442237913609
- 0.009128590114414692
- 0.008769464679062366
- 0.008884990587830544
res_rate:
- 0
- 0.03636249154806137
- 0.038256093859672546
- 0.04134528338909149
- 0.1239132359623909
- 0.026408758014440536
- 0.0379888117313385
- 0.04015952721238136
- 0.1280464231967926
- 0.030920030549168587
- 0.04274572804570198
- 0.04341335594654083
- 0.13571704924106598
- 0.027281248942017555
- 0.03518953546881676
- 0.03755618631839752
- 0.13631696999073029
- 0.02774788625538349
- 0.03593195229768753
- 0.036591093987226486
- 0.13887715339660645
- 0.023893175646662712
- 0.035162925720214844
- 0.03457280248403549
- 0.14359606802463531
- 0.022639740258455276
- 0.0331035852432251
- 0.03454291447997093
- 0.1465347409248352
- 0.026892047375440598
- 0.03614629805088043
- 0.039052464067935944
- 0
- 0.032987404614686966
- 0.03872830048203468
- 0.03853064030408859
- 0.11763780564069748
- 0.03087863326072693
- 0.04334593564271927
- 0.04369940236210823
- 0.13947953283786774
- 0.03543286398053169
- 0.041947364807128906
- 0.043986570090055466
