checkpoint: finetune/0/stage_0/5.pth
lamb: 8192.0
intra_period: 32
width: 416
height: 240
frame_num: 96
i_num: 3
p_num: 93
avg_time: 2.5667076110839844
all_frame_avg:
  rate: 0.17082755580243733
  distortion: 31.85351439220652
i_frame_avg:
  rate: 1.1231365601221721
  distortion: 35.1408460013358
p_frame_avg:
  rate: 0.14010791050180071
  distortion: 31.747471437073322
distortion:
- 34.92465134787234
- 33.01667986506974
- 32.44848619842756
- 32.09438134056051
- 32.92740636299663
- 32.12187812300691
- 31.71056229466665
- 31.559280080098127
- 32.49161993021102
- 31.812528106532554
- 31.514538490093727
- 31.351823000132907
- 32.295051649165686
- 31.598283917173482
- 31.282947650771217
- 31.09477562214972
- 32.11186773434662
- 31.47057445486808
- 31.176165315756062
- 30.963402556351465
- 31.990947409301945
- 31.34579756974471
- 31.062084259315217
- 31.047281000825958
- 32.29624434649287
- 31.586693872484094
- 31.29227553197596
- 31.21734854940484
- 32.33651464095684
- 31.33132686282138
- 31.11120213291712
- 31.127939774502728
- 35.54976747683781
- 32.81063058103208
- 32.50330327911407
- 32.159618737134174
- 33.416626775184994
- 32.03999679721253
- 31.680272659042977
- 31.493898223003196
- 32.816955913996594
- 31.76555183702895
- 31.500847061811914
- 31.222832422245624
- 32.50626178476584
- 31.70133059551798
- 31.42193067784735
- 31.280161878703836
- 32.51219702072218
- 31.61688471537449
- 31.321586836119838
- 31.153229625655023
- 32.12311239481631
- 31.451107512944155
- 31.13450324680844
- 31.018578581782776
- 32.141641784186255
- 31.349312077925028
- 31.107011228310675
- 30.942795461059607
- 31.92509193845057
- 31.341047817325606
- 31.079717106488495
- 30.9450646730796
- 34.94811917929727
- 33.153946323118646
- 32.551324144364436
- 32.22091772849254
- 33.2142365214625
- 32.438334413023966
- 32.02889443894949
- 31.731712604725214
- 32.72147982845711
- 32.12526239009538
- 31.790350412632012
- 31.563022461356685
- 32.57829659776159
- 31.983591447109063
- 31.602631863699703
- 31.32825417803735
- 32.36647725603569
- 31.785086351372755
- 31.47453115866923
- 31.302245425350637
- 32.378489211892514
- 31.80565838660218
- 31.423081885485228
- 31.028126594807123
- 31.953357218807025
- 31.359663530679164
- 31.005033499222897
- 30.796124509017794
- 31.71262090931423
- 31.217074202889275
- 30.913188158528456
- 30.690820108044914
rate:
- 1.163447380065918
- 0.0773108433932066
- 0.0860487949103117
- 0.08223835472017527
- 0.283832092769444
- 0.051521988585591316
- 0.07049971353262663
- 0.07678647991269827
- 0.2896655034273863
- 0.048357908613979816
- 0.0771639603190124
- 0.0806011538952589
- 0.3007965446449816
- 0.06033183727413416
- 0.0894253826700151
- 0.09637556364759803
- 0.3156647221185267
- 0.06291499175131321
- 0.08326185448095202
- 0.09626226965337992
- 0.32775614643469453
- 0.06449775816872716
- 0.08384048799052835
- 0.09692844841629267
- 0.3485378809273243
- 0.09441800229251385
- 0.11914435168728232
- 0.14083846751600504
- 0.3711338397115469
- 0.1399021279066801
- 0.14941765600815415
- 0.1508036656305194
- 1.0437508821487427
- 0.13929951936006546
- 0.14769953675568104
- 0.15585475228726864
- 0.3814093191176653
- 0.15781547967344522
- 0.16616449877619743
- 0.16479821503162384
- 0.39503008779138327
- 0.13131411466747522
- 0.14397510886192322
- 0.14815455861389637
- 0.3849627813324332
- 0.11877017747610807
- 0.12860311288386583
- 0.1254523377865553
- 0.3500383095815778
- 0.08870802447199821
- 0.09897601092234254
- 0.09855900006368756
- 0.32295332849025726
- 0.05308015877380967
- 0.09680696344003081
- 0.09678939124569297
- 0.3321309774182737
- 0.07432285975664854
- 0.07620084518566728
- 0.08375435275956988
- 0.3186159157194197
- 0.041102705523371696
- 0.06410852773115039
- 0.07186007173731923
- 1.1622114181518555
- 0.06116409786045551
- 0.06661155261099339
- 0.07510099094361067
- 0.29013129975646734
- 0.03452773531898856
- 0.06284173624590039
- 0.06647088751196861
- 0.2898081145249307
- 0.030091334134340286
- 0.0522195678204298
- 0.0616511395201087
- 0.2883357391692698
- 0.03506628563627601
- 0.0546864359639585
- 0.06340139452368021
- 0.3054925026372075
- 0.03743656538426876
- 0.059990011621266603
- 0.0709598627872765
- 0.3005284331738949
- 0.03797464119270444
- 0.06552312942221761
- 0.09534580679610372
- 0.3284746641293168
- 0.0440706885419786
- 0.06212404347024858
- 0.06969203799962997
- 0.30726686073467135
- 0.03304528305307031
- 0.05045491876080632
- 0.05595807917416096
img_rate:
- 1.163447380065918
- 0
- 0
- 0
- 0
- 0
- 0
- 0
- 0
- 0
- 0
- 0
- 0
- 0
- 0
- 0
- 0
- 0
- 0
- 0
- 0
- 0
- 0
- 0
- 0
- 0
- 0
- 0
- 0
- 0
- 0
- 0
- 1.0437508821487427
- 0
- 0
- 0
- 0
- 0
- 0
- 0
- 0
- 0
- 0
- 0
- 0
- 0
- 0
- 0
- 0
- 0
- 0
- 0
- 0
- 0
- 0
- 0
- 0
- 0
- 0
- 0
- 0
- 0
- 0
- 0
- 1.1622114181518555
- 0
- 0
- 0
- 0
- 0
- 0
- 0
- 0
- 0
- 0
- 0
- 0
- 0
- 0
- 0
- 0
- 0
- 0
- 0
- 0
- 0
- 0
- 0
- 0
- 0
- 0
- 0
- 0
- 0
- 0
- 0
mv_rate:
- 0
- 0.019727332517504692
- 0.014751089736819267
- 0.011490480042994022
- 0.010283966548740864
- 0.0077803004533052444
- 0.0074362559244036674
- 0.009137450717389584
- 0.006907356902956963
- 0.0064328694716095924
- 0.0065625193528831005
- 0.007828203961253166
- 0.007739609573036432
- 0.007024233229458332
- 0.006964278873056173
- 0.007150204386562109
- 0.007070405874401331
- 0.006532972678542137
- 0.006121769081801176
- 0.007493779994547367
- 0.007515291217714548
- 0.006970320362597704
- 0.005667178425937891
- 0.0072975168004632
- 0.007421035319566727
- 0.008231906220316887
- 0.007674851920455694
- 0.008451678790152073
- 0.009880637750029564
- 0.010552627965807915
- 0.00767441326752305
- 0.01092053484171629
- 0
- 0.023518308997154236
- 0.016059519723057747
- 0.017135372385382652
- 0.016736270859837532
- 0.015306585468351841
- 0.011267181485891342
- 0.012617707252502441
- 0.011141396127641201
- 0.011513599194586277
- 0.011714950203895569
- 0.010304899886250496
- 0.011179550550878048
- 0.010871279053390026
- 0.008048680610954762
- 0.009052714332938194
- 0.009333868511021137
- 0.006302040070295334
- 0.006225379649549723
- 0.0070611839182674885
- 0.007857158780097961
- 0.0064390585757792
- 0.007389774080365896
- 0.006433048751205206
- 0.006412425544112921
- 0.0064343539997935295
- 0.00660562003031373
- 0.007807485293596983
- 0.007059874478727579
- 0.0050150733441114426
- 0.005445573013275862
- 0.005597796756774187
- 0
- 0.017726154997944832
- 0.014198003336787224
- 0.010407301597297192
- 0.009704231284558773
- 0.006212068255990744
- 0.005720451939851046
- 0.006725922226905823
- 0.006709744688123465
- 0.005540108308196068
- 0.005105575546622276
- 0.005319151096045971
- 0.005751340184360743
- 0.0049774437211453915
- 0.006710061337798834
- 0.0056305499747395515
- 0.0056393565610051155
- 0.004704711958765984
- 0.0044054691679775715
- 0.0056320917792618275
- 0.006477322429418564
- 0.004263669718056917
- 0.005522460211068392
- 0.005829778034240007
- 0.00577166024595499
- 0.0052595897577703
- 0.003616370027884841
- 0.005096837878227234
- 0.004425048362463713
- 0.003929781261831522
- 0.004552651662379503
- 0.005064548924565315
res_rate:
- 0
- 0.057583510875701904
- 0.07129770517349243
- 0.07074787467718124
- 0.2735481262207031
- 0.04374168813228607
- 0.06306345760822296
- 0.06764902919530869
- 0.2827581465244293
- 0.041925039142370224
- 0.0706014409661293
- 0.07277294993400574
- 0.2930569350719452
- 0.05330760404467583
- 0.08246110379695892
- 0.08922535926103592
- 0.30859431624412537
- 0.05638201907277107
- 0.07714008539915085
- 0.08876848965883255
- 0.32024085521698
- 0.057527437806129456
- 0.07817330956459045
- 0.08963093161582947
- 0.34111684560775757
- 0.08618609607219696
- 0.11146949976682663
- 0.13238678872585297
- 0.36125320196151733
- 0.1293494999408722
- 0.1417432427406311
- 0.1398831307888031
- 0
- 0.11578121036291122
- 0.1316400170326233
- 0.138719379901886
- 0.36467304825782776
- 0.14250889420509338
- 0.1548973172903061
- 0.1521805077791214
- 0.38388869166374207
- 0.11980051547288895
- 0.13226015865802765
- 0.13784965872764587
- 0.3737832307815552
