checkpoint: finetune/0/stage_0/5.pth
lamb: 8192.0
intra_period: 32
width: 416
height: 240
frame_num: 96
i_num: 3
p_num: 93
avg_time: 2.3755500316619873
all_frame_avg:
  rate: 0.19818670963771487
  distortion: 30.357818275717978
i_frame_avg:
  rate: 1.4493852853775024
  distortion: 34.298080447712074
p_frame_avg:
  rate: 0.15782546525901203
  distortion: 30.230713044363334
distortion:
- 34.4206146346118
- 32.495215259907425
- 31.66333170690781
- 31.079382928280637
- 31.722545257377824
- 30.87969517873556
- 30.43706162830256
- 30.211164486675294
- 31.15082497490558
- 30.506331876657228
- 30.176122192898767
- 29.986849227058205
- 30.904383600871466
- 30.276797096225824
- 29.940351304826528
- 29.77845351724671
- 30.6265403848931
- 30.024734061870333
- 29.738095306447274
- 29.531300648312975
- 30.456450198521544
- 29.865039836039283
- 29.614259819411405
- 29.447472685045057
- 30.374932915040276
- 29.776189790226923
- 29.6078309824868
- 29.47035488733887
- 30.34447578023245
- 29.77223194454783
- 29.545632291913442
- 29.39187814853728
- 34.33932750897797
- 32.28853512724263
- 31.274807920700507
- 30.732704676822017
- 31.488981659925464
- 30.759454299417
- 30.393555021322676
- 30.14534876787541
- 31.093246478849245
- 30.435969256309573
- 30.100289633450267
- 29.917048867635366
- 30.82579134263721
- 30.191447741367558
- 29.919170864251047
- 29.76415226959649
- 30.640090094387105
- 30.002595738732737
- 29.757459597005287
- 29.613999837128656
- 30.521877134436636
- 29.90502513353782
- 29.698804874744155
- 29.52567186110288
- 30.414141221003327
- 29.825824388460788
- 29.605726470753652
- 29.470265828184615
- 30.304160369003785
- 29.73035345990813
- 29.512059614590417
- 29.381049489891574
- 34.13429919954646
- 31.722098390160475
- 30.95679341906464
- 30.538662835628806
- 31.34105401376285
- 30.58674402979793
- 30.302223022038547
- 30.10345311224482
- 30.947760176100758
- 30.27238124697181
- 30.029320875391917
- 29.8501101429023
- 30.7100049043678
- 30.12682527327978
- 29.889161569843992
- 29.716608741409424
- 30.634083778857317
- 29.989053522184715
- 29.717246791575974
- 29.625361508960854
- 30.510200397156957
- 29.882104341037845
- 29.72861571265272
- 29.580557063681752
- 30.463648214772657
- 29.83530802009834
- 29.62981255727913
- 29.510370903814774
- 30.36482295511901
- 29.79231085285067
- 29.591183968591643
- 29.472891826173413
rate:
- 1.4239827394485474
- 0.06379497516900301
- 0.09040914010256529
- 0.09247956657782197
- 0.32534195436164737
- 0.04427935229614377
- 0.08320876699872315
- 0.10347482981160283
- 0.3448371153790504
- 0.051897843135520816
- 0.09576850081793964
- 0.10192334884777665
- 0.3508484421763569
- 0.04928011097945273
- 0.09494736487977207
- 0.10834430274553597
- 0.3554185244720429
- 0.050612335093319416
- 0.09841624833643436
- 0.11029776325449347
- 0.3699565001297742
- 0.04936348949559033
- 0.09586621960625052
- 0.10386400739662349
- 0.3724539279937744
- 0.05394931579940021
- 0.10297590028494596
- 0.11553689301945269
- 0.3718207059428096
- 0.055167548824101686
- 0.10710605350323021
- 0.11395706958137453
- 1.4533905982971191
- 0.0742820305749774
- 0.09981064032763243
- 0.10259250272065401
- 0.34428539080545306
- 0.05153993982821703
- 0.09651641687378287
- 0.10822657193057239
- 0.35502154496498406
- 0.05520774656906724
- 0.10415390669368207
- 0.11148184887133539
- 0.363153186859563
- 0.06340125505812466
- 0.10710083576850593
- 0.11672098096460104
- 0.37354915705509484
- 0.06179775553755462
- 0.11144542577676475
- 0.1243220737669617
- 0.3767875956837088
- 0.06894338713027537
- 0.12405140674673021
- 0.12293474189937115
- 0.3841623426415026
- 0.06980031821876764
- 0.11688840622082353
- 0.12975869653746486
- 0.38603912224061787
- 0.07286356668919325
- 0.11662019044160843
- 0.1286825560964644
- 1.4707825183868408
- 0.09870014898478985
- 0.11765863932669163
- 0.11116159288212657
- 0.35378596326336265
- 0.06889006588608027
- 0.11585559858940542
- 0.11892832233570516
- 0.3657433732878417
- 0.07120090699754655
- 0.11462930496782064
- 0.1314743305556476
- 0.37141557200811803
- 0.07303347857668996
- 0.12336725485511124
- 0.1288174162618816
- 0.3795150271616876
- 0.07902090158313513
- 0.12031459715217352
- 0.12924631196074188
- 0.3850592998787761
- 0.07970850146375597
- 0.12256474001333117
- 0.13486418034881353
- 0.37793056038208306
- 0.0773141048848629
- 0.12535833311267197
- 0.12931543868035078
- 0.38684392580762506
- 0.08563204202800989
- 0.12204690743237734
- 0.1286317699123174
img_rate:
- 1.4239827394485474
- 0
- 0
- 0
- 0
- 0
- 0
- 0
- 0
- 0
- 0
- 0
- 0
- 0
- 0
- 0
- 0
- 0
- 0
- 0
- 0
- 0
- 0
- 0
- 0
- 0
- 0
- 0
- 0
- 0
- 0
- 0
- 1.4533905982971191
- 0
- 0
- 0
- 0
- 0
- 0
- 0
- 0
- 0
- 0
- 0
- 0
- 0
- 0
- 0
- 0
- 0
- 0
- 0
- 0
- 0
- 0
- 0
- 0
- 0
- 0
- 0
- 0
- 0
- 0
- 0
- 1.4707825183868408
- 0
- 0
- 0
- 0
- 0
- 0
- 0
- 0
- 0
- 0
- 0
- 0
- 0
- 0
- 0
- 0
- 0
- 0
- 0
- 0
- 0
- 0
- 0
- 0
- 0
- 0
- 0
- 0
- 0
- 0
- 0
mv_rate:
- 0
- 0.008124479092657566
- 0.006426314823329449
- 0.0054772221483290195
- 0.004467650782316923
- 0.0031082970090210438
- 0.0028815020341426134
- 0.003615323919802904
- 0.003764526220038533
- 0.003322933567687869
- 0.0028788268100470304
- 0.0030030631460249424
- 0.0029386042151600122
- 0.003280852222815156
- 0.0028922974597662687
- 0.0032595109660178423
- 0.002706668106839061
- 0.003307611681520939
- 0.0029055941849946976
- 0.0034665106795728207
- 0.00324995000846684
- 0.002683046506717801
- 0.0029497831128537655
- 0.002640955848619342
- 0.002951711416244507
- 0.0027606047224253416
- 0.0030804304406046867
- 0.003306376049295068
- 0.002962934784591198
- 0.0032404367811977863
- 0.0026635092217475176
- 0.003375470405444503
- 0
- 0.00821066927164793
- 0.006210396997630596
- 0.005441208370029926
- 0.005160919856280088
- 0.0033821100369095802
- 0.002862983848899603
- 0.003251355839893222
- 0.0032564487773925066
- 0.002927000168710947
- 0.0025966817047446966
- 0.002928483998402953
- 0.0029376123566180468
- 0.0035314627457410097
- 0.00308242323808372
- 0.00404090341180563
- 0.002948307665064931
- 0.003814535913988948
- 0.003548308042809367
- 0.0036464130971580744
- 0.0030316042248159647
- 0.0029808192048221827
- 0.002787895267829299
- 0.003141513094305992
- 0.003135180566459894
- 0.0032657617703080177
- 0.003427716437727213
- 0.0028883921913802624
- 0.003725185291841626
- 0.0032540438696742058
- 0.003207772970199585
- 0.0037723504938185215
- 0
- 0.009337937459349632
- 0.007037336006760597
- 0.005139711778610945
- 0.004430921282619238
- 0.0033229226246476173
- 0.0030034722294658422
- 0.003899441799148917
- 0.0032532557379454374
- 0.0033799184020608664
- 0.002994081936776638
- 0.0042502726428210735
- 0.003060834249481559
- 0.0027996045537292957
- 0.0029259969014674425
- 0.003749928902834654
- 0.003276979085057974
- 0.0031230440363287926
- 0.0028535714372992516
- 0.003554227529093623
- 0.003709527663886547
- 0.0030846071895211935
- 0.0028358842246234417
- 0.003312273882329464
- 0.0031538691837340593
- 0.0027214474976062775
- 0.002447542967274785
- 0.003896954469382763
- 0.00307962903752923
- 0.0028577083721756935
- 0.002552342601120472
- 0.0030046545434743166
res_rate:
- 0
- 0.055670496076345444
- 0.08398282527923584
- 0.08700234442949295
- 0.32087430357933044
- 0.041171055287122726
- 0.08032726496458054
- 0.09985950589179993
- 0.34107258915901184
- 0.04857490956783295
- 0.09288967400789261
- 0.09892028570175171
- 0.3479098379611969
- 0.04599925875663757
- 0.0920550674200058
- 0.10508479177951813
- 0.35271185636520386
- 0.04730472341179848
- 0.09551065415143967
- 0.10683125257492065
- 0.3667065501213074
- 0.04668044298887253
- 0.09291643649339676
- 0.10122305154800415
- 0.3695022165775299
- 0.05118871107697487
- 0.09989546984434128
- 0.11223051697015762
- 0.3688577711582184
- 0.0519271120429039
- 0.1044425442814827
- 0.11058159917593002
- 0
- 0.06607136130332947
- 0.09360024333000183
- 0.09715129435062408
- 0.339124470949173
- 0.04815782979130745
- 0.09365343302488327
- 0.10497521609067917
- 0.35176509618759155
- 0.05228074640035629
