checkpoint: finetune/0/stage_0/5.pth
lamb: 8192.0
intra_period: 32
width: 1920
height: 1080
frame_num: 96
i_num: 3
p_num: 93
avg_time: 10.442948341369629
all_frame_avg:
  rate: 0.10858496050180595
  distortion: 33.55086296908488
i_frame_avg:
  rate: 0.7827580769856771
  distortion: 36.192202748827896
p_frame_avg:
  rate: 0.08683744061522947
  distortion: 33.465658460060915
distortion:
- 36.10118220261841
- 33.9267170491111
- 33.5895929895624
- 33.422781323539056
- 34.50289151865372
- 33.54504911842283
- 33.32467501934853
- 33.18725200867378
- 34.25614659796595
- 33.3339806124668
- 33.15893885795816
- 32.97851392212215
- 34.06928486997298
- 33.184748696512266
- 32.96311090338097
- 32.83768521124141
- 33.93416957582914
- 33.09591105234118
- 32.88421455353669
- 32.71404124910123
- 33.78389006630612
- 32.90581747247854
- 32.71882537720284
- 32.58401629396157
- 33.748220708791095
- 32.89740389206653
- 32.6421265434299
- 32.51282728522091
- 33.66219766015598
- 32.79631738940615
- 32.646290376381245
- 32.54997472497301
- 36.16387525841936
- 33.787624789195156
- 33.527608960197185
- 33.47742272982607
- 34.62292504763708
- 33.605681582147426
- 33.41677417571044
- 33.267843297847705
- 34.35114398495629
- 33.38928091691145
- 33.27411357179483
- 33.16103473429591
- 34.23535669321657
- 33.242832338745025
- 33.0520227427016
- 32.970775022659716
- 34.13319152800964
- 33.252158328450406
- 33.12259424128586
- 32.98138321937571
- 34.03286720261666
- 33.19802005351281
- 33.08837362802545
- 33.040995886421996
- 34.12878361477074
- 33.2941898993184
- 33.025892150756576
- 32.875644655220526
- 33.98189344765821
- 33.20709255538028
- 33.06371537617729
- 32.96662668004817
- 36.31155078544592
- 33.97542053588584
- 33.857968371134966
- 33.73179183941736
- 34.82336991314818
- 33.87600704178929
- 33.70517107440508
- 33.566008982340854
- 34.58149050893111
- 33.70788928404019
- 33.52629693484617
- 33.43846624630836
- 34.41349858152711
- 33.57575391263139
- 33.44312807847823
- 33.351169295333705
- 34.3337083203995
- 33.52003156015342
- 33.35991319169442
- 33.27338028848092
- 34.306895975841805
- 33.49342724719149
- 33.34723801070828
- 33.26991941243456
- 34.28720735387212
- 33.49955897993911
- 33.353017003659005
- 33.25645976394301
- 34.269343568739565
- 33.44353836720185
- 33.3318091384464
- 33.253882027756596
rate:
- 0.8097338676452637
- 0.04833951313048601
- 0.05441025551408529
- 0.05589064001105726
- 0.22161221550777555
- 0.038765332428738475
- 0.049034647876396775
- 0.050798304146155715
- 0.21669150749221444
- 0.03862493182532489
- 0.046195394825190306
- 0.052002171985805035
- 0.21866456069983542
- 0.03587780683301389
- 0.04683388420380652
- 0.05251960223540664
- 0.22325165872462094
- 0.03637247369624674
- 0.046819006674923
- 0.052221523597836494
- 0.22596115618944168
- 0.03942845365963876
- 0.05038503254763782
- 0.05416633374989033
- 0.22861323039978743
- 0.037455313839018345
- 0.051688102539628744
- 0.057231227634474635
- 0.2346967770718038
- 0.04316546255722642
- 0.05463590379804373
- 0.057434696005657315
- 0.7958676815032959
- 0.05498557165265083
- 0.05938478372991085
- 0.05779861332848668
- 0.2147732654120773
- 0.0416610564570874
- 0.052378840278834105
- 0.05627278354950249
- 0.21822600136511028
- 0.04255786258727312
- 0.05295632709749043
- 0.05986495572142303
- 0.22266980982385576
- 0.04510968248359859
- 0.05484737385995686
- 0.05789384478703141
- 0.2195640648715198
- 0.04791065235622227
- 0.05700578028336167
- 0.06024362868629396
- 0.21992548019625247
- 0.04547063773497939
- 0.05777428438887
- 0.06124227121472359
- 0.2062837651465088
- 0.0413613913115114
- 0.055670285830274224
- 0.05933606089092791
- 0.2128344103693962
- 0.04760609590448439
- 0.05432826722972095
- 0.05543364817276597
- 0.7426726818084717
- 0.05911342520266771
- 0.05995705770328641
- 0.059379070065915585
- 0.20080866292119026
- 0.04191776760853827
- 0.05024982453323901
- 0.053164194570854306
- 0.19515809905715287
- 0.04011997324414551
- 0.049820512998849154
- 0.052169781643897295
- 0.1948654178995639
- 0.04105531657114625
- 0.05083561525680125
- 0.05266763851977885
- 0.19599863071925938
- 0.041839068522676826
- 0.049583400366827846
- 0.0540190355386585
- 0.19174723443575203
- 0.040120834950357676
- 0.05061524291522801
- 0.054250911343842745
- 0.19322970951907337
- 0.04046801384538412
- 0.05115672037936747
- 0.053858684841543436
- 0.19555052649229765
- 0.04011304397135973
- 0.0498689201194793
- 0.05902102333493531
img_rate:
- 0.8097338676452637
- 0
- 0
- 0
- 0
- 0
- 0
- 0
- 0
- 0
- 0
- 0
- 0
- 0
- 0
- 0
- 0
- 0
- 0
- 0
- 0
- 0
- 0
- 0
- 0
- 0
- 0
- 0
- 0
- 0
- 0
- 0
- 0.7958676815032959
- 0
- 0
- 0
- 0
- 0
- 0
- 0
- 0
- 0
- 0
- 0
- 0
- 0
- 0
- 0
- 0
- 0
- 0
- 0
- 0
- 0
- 0
- 0
- 0
- 0
- 0
- 0
- 0
- 0
- 0
- 0
- 0.7426726818084717
- 0
- 0
- 0
- 0
- 0
- 0
- 0
- 0
- 0
- 0
- 0
- 0
- 0
- 0
- 0
- 0
- 0
- 0
- 0
- 0
- 0
- 0
- 0
- 0
- 0
- 0
- 0
- 0
- 0
- 0
- 0
mv_rate:
- 0
- 0.005027272738516331
- 0.0043252622708678246
- 0.003328000893816352
- 0.00311799393966794
- 0.0024866971652954817
- 0.002087295288220048
- 0.002293582772836089
- 0.002277074847370386
- 0.002115689916536212
- 0.0019158716313540936
- 0.002069595269858837
- 0.0021759907249361277
- 0.0020354518201202154
- 0.0019381607417017221
- 0.002203879412263632
- 0.0022388428915292025
- 0.0020813329610973597
- 0.0018690876895561814
- 0.002093622460961342
- 0.00218016654253006
- 0.002182375406846404
- 0.0018869235645979643
- 0.0021674539893865585
- 0.002116757445037365
- 0.0020260969176888466
- 0.0019071525894105434
- 0.0022066112142056227
- 0.002282144036144018
- 0.0020758644677698612
- 0.0020179590210318565
- 0.0020886093843728304
- 0
- 0.00636778399348259
- 0.004223855212330818
- 0.0034037274308502674
- 0.003434626152738929
- 0.002558606443926692
- 0.002042945008724928
- 0.0022518609184771776
- 0.0022059984039515257
- 0.002133619971573353
- 0.00206170161254704
- 0.002251638798043132
- 0.0023056266363710165
- 0.0021205886732786894
- 0.0020899653900414705
- 0.00223233038559556
- 0.002434998285025358
- 0.0023233473766595125
- 0.00207906449213624
- 0.0023013947065919638
- 0.0024480989668518305
- 0.0022251098416745663
- 0.002336000557988882
- 0.0025297142565250397
- 0.0026511719916015863
- 0.0023753566201776266
- 0.0023645779583603144
- 0.0026069229934364557
- 0.00246400386095047
- 0.002638299250975251
- 0.0023772798012942076
- 0.002439322415739298
- 0
- 0.009241939522325993
- 0.005264230538159609
- 0.0043716346845030785
- 0.004037041217088699
- 0.0032599347177892923
- 0.002608901122584939
- 0.0029710561502724886
- 0.0027036715764552355
- 0.002672665985301137
- 0.002666205633431673
- 0.0026662317104637623
- 0.00275692087598145
- 0.002753491047769785
- 0.0027917458210140467
- 0.0029225742910057306
- 0.002950615482404828
- 0.0029413194861263037
- 0.002528759418055415
- 0.0030136050190776587
- 0.003255130024626851
- 0.0029227719642221928
- 0.0027546093333512545
- 0.0029059764929115772
- 0.002998878015205264
- 0.002971540205180645
- 0.002852177480235696
- 0.003051264677196741
- 0.0030523641034960747
- 0.002854962833225727
- 0.002662890823557973
- 0.0030919399578124285
res_rate:
- 0
- 0.04331224039196968
- 0.05008499324321747
- 0.052562639117240906
- 0.2184942215681076
- 0.03627863526344299
- 0.04694735258817673
- 0.048504721373319626
- 0.21441443264484406
- 0.03650924190878868
- 0.04427952319383621
- 0.0499325767159462
- 0.2164885699748993
- 0.03384235501289368
- 0.0448957234621048
- 0.050315722823143005
- 0.22101281583309174
- 0.034291140735149384
- 0.04494991898536682
- 0.05012790113687515
- 0.22378098964691162
- 0.03724607825279236
- 0.048498108983039856
- 0.05199887976050377
- 0.22649647295475006
- 0.0354292169213295
- 0.0497809499502182
- 0.05502461642026901
- 0.2324146330356598
- 0.04108959808945656
- 0.05261794477701187
- 0.055346086621284485
- 0
- 0.04861778765916824
- 0.05516092851758003
- 0.054394885897636414
- 0.21133863925933838
- 0.039102450013160706
- 0.05033589527010918
- 0.054020922631025314
- 0.21602000296115875
- 0.04042424261569977
