checkpoint: finetune/0/stage_0/5.pth
lamb: 8192.0
intra_period: 32
width: 1920
height: 1080
frame_num: 96
i_num: 3
p_num: 93
avg_time: 10.593090772628784
all_frame_avg:
  rate: 0.07614185170435424
  distortion: 34.43378813557637
i_frame_avg:
  rate: 0.5727124214172363
  distortion: 36.58593832487747
p_frame_avg:
  rate: 0.060123446229745144
  distortion: 34.3643639359215
distortion:
- 36.61032595585056
- 34.8945800268787
- 34.767950139743746
- 34.63467939737561
- 35.294255633658146
- 34.689571849808665
- 34.48608583540622
- 34.39108011297667
- 35.09080628763026
- 34.588739471873154
- 34.394838631993714
- 34.28062509029076
- 34.95779526172341
- 34.405974081592255
- 34.202172874878315
- 34.078492241917274
- 34.839448918697414
- 34.263166431026775
- 34.086932968776324
- 33.932878559453265
- 34.705746306869706
- 34.12557579497441
- 33.94244506600978
- 33.81610019252611
- 34.63239590677095
- 34.05596874227875
- 33.89269496052455
- 33.77185101614585
- 34.584433827504384
- 33.998684895390305
- 33.832467724553716
- 33.69714892909362
- 36.56785791078978
- 34.80347293343266
- 34.60486172305205
- 34.46996470868533
- 35.233752403367895
- 34.594917572313534
- 34.39869367484582
- 34.26540753511486
- 35.037513263885394
- 34.451652546556446
- 34.27946490776419
- 34.17177469026456
- 34.938268755490924
- 34.33758289201873
- 34.14388811768707
- 34.03300604365562
- 34.82274940077153
- 34.24775031985152
- 34.07229640728521
- 33.95069397733287
- 34.72766640621175
- 34.16554173171656
- 33.9689077661341
- 33.83851614016887
- 34.63459304665871
- 34.06018389557441
- 33.88480951755399
- 33.76242926867501
- 34.52862815702985
- 33.9867668150837
- 33.85717689543707
- 33.77289736538874
- 36.579631107992036
- 34.88611420911694
- 34.72321449769036
- 34.60101258979154
- 35.34036572657852
- 34.767791760655015
- 34.577679069832044
- 34.42901364181354
- 35.15664447999047
- 34.58547931997381
- 34.380582958154974
- 34.24867780629182
- 34.989901453155895
- 34.395747643455465
- 34.2627431062719
- 34.12252513804604
- 34.87106487334235
- 34.313302535885136
- 34.129257207543056
- 33.98694692284012
- 34.727305280742385
- 34.17029056420197
- 34.01132106484433
- 33.90851701220204
- 34.65511223970862
- 34.11799296761814
- 33.950385101794524
- 33.8376627500497
- 34.60213794055547
- 34.06360987007394
- 33.90614599217238
- 33.785884258955235
rate:
- 0.5673596858978271
- 0.0404011532664299
- 0.03734032902866602
- 0.0371793950907886
- 0.13049110863357782
- 0.02495968108996749
- 0.029374763602390885
- 0.029066549614071846
- 0.11697739060036838
- 0.022853252477943897
- 0.030805930495262146
- 0.0349710825830698
- 0.12767411209642887
- 0.027161065256223083
- 0.034507140051573515
- 0.037874751491472125
- 0.13949257717467844
- 0.0313239514362067
- 0.03833263600245118
- 0.042945833411067724
- 0.1478353871498257
- 0.03493582014925778
- 0.04144652746617794
- 0.045108928345143795
- 0.15544019732624292
- 0.035858366172760725
- 0.03983808099292219
- 0.04180708830244839
- 0.15072228107601404
- 0.03382809762842953
- 0.0403845242690295
- 0.04429571330547333
- 0.5746911764144897
- 0.041884737089276314
- 0.04318191483616829
- 0.04423033772036433
- 0.14552559843286872
- 0.03327601123601198
- 0.03857590723782778
- 0.041491043753921986
- 0.14198126387782395
- 0.03208368853665888
- 0.03954790276475251
- 0.041234321193769574
- 0.14078067825175822
- 0.03352537960745394
- 0.040673857321962714
- 0.04264684207737446
- 0.14460795419290662
- 0.033346666721627116
- 0.039935650303959846
- 0.04296139534562826
- 0.1454972631763667
- 0.031981607200577855
- 0.03828206658363342
- 0.04010753449983895
- 0.14637024234980345
- 0.030467154690995812
- 0.035899637965485454
- 0.03768101101741195
- 0.1472759076859802
- 0.027006629388779402
- 0.02930757775902748
- 0.033743010833859444
- 0.5760864019393921
- 0.038832332007586956
- 0.03910761000588536
- 0.03873375849798322
- 0.13257104763761163
- 0.029353794641792774
- 0.03583902516402304
- 0.0391817232593894
- 0.13093136972747743
- 0.030829371884465218
- 0.03794328006915748
- 0.04022046201862395
- 0.13696851790882647
- 0.032246108865365386
- 0.03728603245690465
- 0.039397426415234804
- 0.13766682893037796
- 0.03135042916983366
- 0.03700252529233694
- 0.0402467290405184
- 0.14446572656743228
- 0.03338682930916548
- 0.03836131584830582
- 0.040524776093661785
- 0.14578671124763787
- 0.033278146758675575
- 0.03942274232394993
- 0.04118878743611276
- 0.14491219678893685
- 0.03342561423778534
- 0.03925268119201064
- 0.04142208932898939
img_rate:
- 0.5673596858978271
- 0
- 0
- 0
- 0
- 0
- 0
- 0
- 0
- 0
- 0
- 0
- 0
- 0
- 0
- 0
- 0
- 0
- 0
- 0
- 0
- 0
- 0
- 0
- 0
- 0
- 0
- 0
- 0
- 0
- 0
- 0
- 0.5746911764144897
- 0
- 0
- 0
- 0
- 0
- 0
- 0
- 0
- 0
- 0
- 0
- 0
- 0
- 0
- 0
- 0
- 0
- 0
- 0
- 0
- 0
- 0
- 0
- 0
- 0
- 0
- 0
- 0
- 0
- 0
- 0
- 0.5760864019393921
- 0
- 0
- 0
- 0
- 0
- 0
- 0
- 0
- 0
- 0
- 0
- 0
- 0
- 0
- 0
- 0
- 0
- 0
- 0
- 0
- 0
- 0
- 0
- 0
- 0
- 0
- 0
- 0
- 0
- 0
- 0
mv_rate:
- 0
- 0.009614525362849236
- 0.0058450596407055855
- 0.004755712579935789
- 0.00444819126278162
- 0.003828927408903837
- 0.002900276565924287
- 0.003353491425514221
- 0.003283914877101779
- 0.0032619358971714973
- 0.0027458984404802322
- 0.003179015591740608
- 0.003047363832592964
- 0.0031262559350579977
- 0.0029101665131747723
- 0.0030925690662115812
- 0.0032516925130039454
- 0.00330789084546268
- 0.002935717348009348
- 0.0033266632817685604
- 0.0034557117614895105
- 0.003256152616813779
- 0.0030501987785100937
- 0.0034246956929564476
- 0.0036230543628335
- 0.0035330276004970074
- 0.003239547600969672
- 0.0033176050055772066
- 0.0031893113628029823
- 0.003152688266709447
- 0.0030562959145754576
- 0.0033871307969093323
- 0
- 0.00897606648504734
- 0.0061707086861133575
- 0.005203548353165388
- 0.005154454614967108
- 0.004525718279182911
- 0.0034444117918610573
- 0.0039873281493783
- 0.0034748215693980455
- 0.0035131967160850763
- 0.0032285500783473253
- 0.00360925798304379
- 0.003357252338901162
- 0.0036262015346437693
- 0.003395134350284934
- 0.0033801328390836716
- 0.003668793011456728
- 0.0035692460369318724
- 0.0031974148005247116
- 0.0033630644902586937
- 0.003344193799421191
- 0.003288622247055173
- 0.0030975230038166046
- 0.0031510081607848406
- 0.003259222023189068
- 0.0032120721880346537
- 0.0029176834505051374
- 0.003156410064548254
- 0.003018392017111182
- 0.002985419239848852
- 0.002864046022295952
- 0.003238176926970482
- 0
- 0.010480512864887714
- 0.006178625393658876
- 0.004991040099412203
- 0.004735699389129877
- 0.004280059598386288
- 0.0032879638019949198
- 0.0037583475932478905
- 0.003413013881072402
- 0.003499867394566536
- 0.003003119258210063
- 0.003316264832392335
- 0.0033744073007255793
- 0.003382391994819045
- 0.00300384359434247
- 0.003274370450526476
- 0.003304131329059601
- 0.003368503414094448
- 0.0028650714084506035
- 0.0030118043068796396
- 0.0032959997188299894
- 0.0033696694299578667
- 0.0030346151906996965
- 0.003101303242146969
- 0.003239372046664357
- 0.0031622089445590973
- 0.003075461136177182
- 0.003367140656337142
- 0.0032421634532511234
- 0.0033320337533950806
- 0.0031797601841390133
- 0.003205070039257407
res_rate:
- 0
- 0.030786627903580666
- 0.031495269387960434
- 0.032423682510852814
- 0.1260429173707962
- 0.021130753681063652
- 0.0264744870364666
- 0.025713058188557625
- 0.1136934757232666
- 0.0195913165807724
- 0.028060032054781914
- 0.03179206699132919
- 0.12462674826383591
- 0.024034809321165085
- 0.03159697353839874
- 0.034782182425260544
- 0.1362408846616745
- 0.02801606059074402
- 0.035396918654441833
- 0.039619170129299164
- 0.14437967538833618
- 0.031679667532444
- 0.03839632868766785
- 0.04168423265218735
- 0.15181714296340942
- 0.03232533857226372
- 0.036598533391952515
- 0.038489483296871185
- 0.14753296971321106
- 0.030675409361720085
- 0.03732822835445404
- 0.040908582508563995
- 0
- 0.03290867060422897
- 0.03701120615005493
- 0.039026789367198944
- 0.1403711438179016
- 0.02875029295682907
- 0.03513149544596672
- 0.037503715604543686
- 0.1385064423084259
