checkpoint: finetune/0/stage_0/5.pth
lamb: 8192.0
intra_period: 32
width: 1280
height: 720
frame_num: 96
i_num: 3
p_num: 93
avg_time: 5.7563982009887695
all_frame_avg:
  rate: 0.0297122255457604
  distortion: 38.5398075172362
i_frame_avg:
  rate: 0.36120667060216266
  distortion: 40.605527479182236
p_frame_avg:
  rate: 0.019018856350392584
  distortion: 38.473171389431485
distortion:
- 40.59837400166464
- 39.44006926367871
- 39.57142495523713
- 39.23305874295334
- 39.82028306173615
- 39.314226362090395
- 39.161837750437584
- 38.91296976793867
- 39.43074268708227
- 38.96544632915168
- 38.75873007160179
- 38.55429688707101
- 39.07991209747778
- 38.65274395420225
- 38.428892578944414
- 38.23199079469093
- 38.80118877001573
- 38.37332503054403
- 38.17116902410727
- 37.952416432727496
- 38.54748582848149
- 38.11941296182922
- 37.935750384951724
- 37.7264772591999
- 38.39833469951564
- 37.97296909543247
- 37.676927605708755
- 37.54996731731053
- 38.26032306137678
- 37.81788112447265
- 37.513470600677294
- 37.39571299318018
- 40.60593282009123
- 39.31783851622475
- 39.188208022055974
- 39.01509151532592
- 39.77787408434284
- 39.269527080032155
- 38.950030040828466
- 38.82417526412866
- 39.3995927582167
- 38.96291910160783
- 38.62268761594153
- 38.47571872047601
- 39.08719381943131
- 38.65431663778884
- 38.35860581512086
- 38.21947398007871
- 38.804486848151036
- 38.398454454745284
- 38.08857183266768
- 37.96269305937686
- 38.607915051542115
- 38.17538568462166
- 37.89562462535733
- 37.74545277444781
- 38.39555328642986
- 37.94028285995082
- 37.65579926139655
- 37.51877453892241
- 38.24084151709224
- 37.76763330406533
- 37.54329864645318
- 37.42309598827771
- 40.612275615790836
- 39.36946231785166
- 39.253035266907325
- 39.12076613603177
- 39.85571480825593
- 39.30835900339565
- 38.89663523554632
- 38.915166303067
- 39.46605841054157
- 39.00470205314482
- 38.57893304340571
- 38.585248809022694
- 39.17387868206142
- 38.69067916562684
- 38.23643790181091
- 38.23914028994479
- 38.89394735340477
- 38.41119620387294
- 38.01157091173693
- 37.933453719373375
- 38.62044412279876
- 38.12321534718569
- 37.756495701971524
- 37.66845683595902
- 38.409119783319895
- 37.898734563303115
- 37.50409568059753
- 37.4355474592479
- 38.19693408085018
- 37.72920797070415
- 37.4027852234646
- 37.258962633800024
rate:
- 0.3664168417453766
- 0.01150316116400063
- 0.009771912125870585
- 0.008912765188142657
- 0.04316675034351647
- 0.00654665264301002
- 0.007672264589928091
- 0.00837544142268598
- 0.042711884481832385
- 0.006858487380668521
- 0.007942450698465109
- 0.008866578806191683
- 0.04806790663860738
- 0.007124365656636655
- 0.007742697722278535
- 0.008646009024232626
- 0.0519805196672678
- 0.006891433848068118
- 0.007859384757466614
- 0.008807198028080165
- 0.055236024083569646
- 0.007069471757858992
- 0.008184737409465015
- 0.009394914843142033
- 0.06203768332488835
- 0.007593794958665967
- 0.009446004987694323
- 0.009735720930621028
- 0.06264490843750536
- 0.008550105849280953
- 0.010769658954814076
- 0.01010638801380992
- 0.36058029532432556
- 0.012978328857570887
- 0.011755077168345451
- 0.010377437574788928
- 0.047601427882909775
- 0.006211374420672655
- 0.008072939119301736
- 0.008462403202429414
- 0.04351922310888767
- 0.006019863532856107
- 0.007779258186928928
- 0.008232928579673171
- 0.048858972266316414
- 0.007272243616171181
- 0.008456599549390376
- 0.009188201860524714
- 0.05364823481068015
- 0.008162646321579814
- 0.010222868993878365
- 0.010584065224975348
- 0.059355747886002064
- 0.008721495512872934
- 0.01033551967702806
- 0.010383159155026078
- 0.06138684507459402
- 0.010035798652097583
- 0.011009957175701857
- 0.012365182163193822
- 0.06508382712490857
- 0.009734987514093518
- 0.010666315210983157
- 0.010747985215857625
- 0.3566228747367859
- 0.013089569984003901
- 0.01162755279801786
- 0.010235877009108663
- 0.04657084052450955
- 0.007397120352834463
- 0.009090267703868449
- 0.008738596690818667
- 0.04179018083959818
- 0.006498722825199366
- 0.00905354879796505
- 0.008108978625386953
- 0.045863813953474164
- 0.0065457988530397415
- 0.009284054744057357
- 0.008681401843205094
- 0.052753974217921495
- 0.0071462776977568865
- 0.009267301531508565
- 0.009349040454253554
- 0.056994502898305655
- 0.0077733239158988
- 0.010067946510389447
- 0.010347847361117601
- 0.060244833352044225
- 0.00802662712521851
- 0.01072103320620954
- 0.01137227425351739
- 0.06543849455192685
- 0.008014695486053824
- 0.01035161898471415
- 0.010859331116080284
img_rate:
- 0.3664168417453766
- 0
- 0
- 0
- 0
- 0
- 0
- 0
- 0
- 0
- 0
- 0
- 0
- 0
- 0
- 0
- 0
- 0
- 0
- 0
- 0
- 0
- 0
- 0
- 0
- 0
- 0
- 0
- 0
- 0
- 0
- 0
- 0.36058029532432556
- 0
- 0
- 0
- 0
- 0
- 0
- 0
- 0
- 0
- 0
- 0
- 0
- 0
- 0
- 0
- 0
- 0
- 0
- 0
- 0
- 0
- 0
- 0
- 0
- 0
- 0
- 0
- 0
- 0
- 0
- 0
- 0.3566228747367859
- 0
- 0
- 0
- 0
- 0
- 0
- 0
- 0
- 0
- 0
- 0
- 0
- 0
- 0
- 0
- 0
- 0
- 0
- 0
- 0
- 0
- 0
- 0
- 0
- 0
- 0
- 0
- 0
- 0
- 0
- 0
mv_rate:
- 0
- 0.0033990649972110987
- 0.0029758380260318518
- 0.002347251633182168
- 0.002385773928835988
- 0.002113931579515338
- 0.0019002583576366305
- 0.0022156385239213705
- 0.0019658177625387907
- 0.0020203471649438143
- 0.0019822614267468452
- 0.0020650355145335197
- 0.0019927972462028265
- 0.0019239051034674048
- 0.0018914745887741446
- 0.0019842246547341347
- 0.001971745863556862
- 0.0017952884081751108
- 0.0017884053522720933
- 0.0018531488021835685
- 0.00200769049115479
- 0.0018490455113351345
- 0.001813949435018003
- 0.0019383649341762066
- 0.002039845334365964
- 0.0018671851139515638
- 0.0019198843510821462
- 0.0020276575814932585
- 0.0021839274559170008
- 0.0021575160790234804
- 0.0019304624292999506
- 0.0020227297209203243
- 0
- 0.0033893021754920483
- 0.002975611947476864
- 0.002724387450143695
- 0.0023880265653133392
- 0.0020514968782663345
- 0.001816670293919742
- 0.0020556289236992598
- 0.00186898373067379
- 0.0018855638336390257
- 0.0017590558854863048
- 0.0018826622981578112
- 0.001990845426917076
- 0.0018508188659325242
- 0.0017685663187876344
- 0.001932325423695147
- 0.002063253428786993
- 0.002037780126556754
- 0.001933208666741848
- 0.002059298101812601
- 0.0021962421014904976
- 0.0020672804675996304
- 0.001979497028514743
- 0.00202961009927094
- 0.0021401559934020042
- 0.002293965546414256
- 0.002059329766780138
- 0.0021833826322108507
- 0.0022495121229439974
- 0.0022027951199561357
- 0.002056834055110812
- 0.0022084780503064394
- 0
- 0.0035076455678790808
- 0.0028699066024273634
- 0.0026593178045004606
- 0.002499963389709592
- 0.0021961494348943233
- 0.001940537360496819
- 0.0021416631061583757
- 0.0019837329164147377
- 0.0020030797459185123
- 0.0018085548654198647
- 0.00213435385376215
- 0.0020615786779671907
- 0.0019129966385662556
- 0.001870340551249683
- 0.0021104023326188326
- 0.0020161126740276814
- 0.0021105322521179914
- 0.002007800852879882
- 0.0022216683719307184
- 0.002149017062038183
- 0.0020553944632411003
- 0.002103760140016675
- 0.002148992847651243
- 0.002077047945931554
- 0.00210213172249496
- 0.002038312843069434
- 0.0022558490745723248
- 0.00240652309730649
- 0.00213624001480639
- 0.002074741991236806
- 0.002158168703317642
res_rate:
- 0
- 0.008104096166789532
- 0.006796074099838734
- 0.006565513554960489
- 0.04078097641468048
- 0.004432721063494682
- 0.00577200623229146
- 0.00615980289876461
- 0.040746066719293594
- 0.004838140215724707
- 0.005960189271718264
- 0.006801543291658163
- 0.046075109392404556
- 0.0052004605531692505
- 0.005851223133504391
- 0.006661784369498491
- 0.05000877380371094
- 0.005096145439893007
- 0.006070979405194521
- 0.006954049225896597
- 0.053228333592414856
- 0.005220426246523857
- 0.006370787974447012
- 0.007456549908965826
- 0.059997837990522385
- 0.005726609844714403
- 0.007526120636612177
- 0.0077080633491277695
- 0.060460980981588364
- 0.006392589770257473
- 0.008839196525514126
- 0.008083658292889595
- 0
- 0.009589026682078838
- 0.008779465220868587
- 0.007653050124645233
- 0.045213401317596436
