checkpoint: finetune/0/stage_0/5.pth
lamb: 8192.0
intra_period: 32
width: 1280
height: 720
frame_num: 96
i_num: 3
p_num: 93
avg_time: 5.7897868156433105
all_frame_avg:
  rate: 0.022750787011318607
  distortion: 38.51295565572522
i_frame_avg:
  rate: 0.2622528374195099
  distortion: 41.20304775570932
p_frame_avg:
  rate: 0.015024914417505985
  distortion: 38.426178491209605
distortion:
- 41.20114685125263
- 39.18407928261388
- 39.135552569986075
- 38.9197736276505
- 39.36339628118401
- 38.97094449198359
- 38.80155035698361
- 38.68890026282259
- 39.125447613551714
- 38.718300108475184
- 38.54063666031118
- 38.44450916476032
- 38.90870586481349
- 38.50156133162744
- 38.33550424710206
- 38.221053393463805
- 38.708585838675575
- 38.33476681544002
- 38.17436444635446
- 38.087189171103574
- 38.54273446586357
- 38.15071865311093
- 38.02843471874615
- 37.92432189630145
- 38.462394422348616
- 38.10311110987565
- 37.921379202372385
- 37.854831399623585
- 38.34083453444442
- 37.97894513407297
- 37.8814765777934
- 37.756211821956384
- 41.275607864011164
- 39.23901877311971
- 39.149644609270815
- 39.02549377246643
- 39.476508137142886
- 39.035435108808386
- 38.786909081358175
- 38.67573633779983
- 39.112806049556205
- 38.63886666238257
- 38.4317399164276
- 38.36014827594796
- 38.89123910239058
- 38.39390214637217
- 38.15390814742672
- 38.11647969578763
- 38.6826789016223
- 38.278556732998524
- 38.0996469608918
- 37.98713220218857
- 38.52624723953279
- 38.143177345223314
- 38.01070099646926
- 37.84463997378485
- 38.38567850992134
- 38.000760922889974
- 37.870927930979526
- 37.71456403187156
- 38.28614494667367
- 37.90603877916137
- 37.8053434845166
- 37.6028180141271
- 41.13238855186416
- 39.133341888350486
- 39.054916535701906
- 38.831398052389474
- 39.33874539894289
- 38.928268656911484
- 38.82093590928301
- 38.65913603393746
- 39.10756179376442
- 38.747718442278554
- 38.65338677136612
- 38.442239273757856
- 38.85655086343232
- 38.497683977079795
- 38.365292470933426
- 38.189597906415315
- 38.653271363151845
- 38.28062609137384
- 38.1448640619824
- 37.95833461662991
- 38.49265488363749
- 38.10908342471669
- 37.9428039090435
- 37.83552195674416
- 38.41721369870973
- 38.00228349842144
- 37.89074224165582
- 37.7480321397667
- 38.3385599783484
- 37.93339167479694
- 37.832339925300055
- 37.68499398914736
rate:
- 0.25784897804260254
- 0.010716791497543454
- 0.009652929147705436
- 0.008282660506665707
- 0.039265450555831194
- 0.005844283616170287
- 0.0069866927806288
- 0.007562008453533053
- 0.036416647490113974
- 0.0058449916541576385
- 0.007287013926543295
- 0.008222443633712828
- 0.042106218403205276
- 0.006388626177795231
- 0.007543505518697202
- 0.008351377211511135
- 0.04060529312118888
- 0.005909195984713733
- 0.0065874719293788075
- 0.007480827393010259
- 0.04144253639969975
- 0.005707720294594765
- 0.007130561163648963
- 0.007441755733452737
- 0.04501282668206841
- 0.006105583859607577
- 0.008250892162322998
- 0.008473034715279937
- 0.04452517535537481
- 0.006822065217420459
- 0.006700783618725836
- 0.006944189197383821
- 0.261696994304657
- 0.010730796260759234
- 0.009620039723813534
- 0.008651383453980088
- 0.03548180893994868
- 0.006546961609274149
- 0.008280428126454353
- 0.00786199769936502
- 0.03735676559153944
- 0.006853834260255098
- 0.008144978317432106
- 0.0083172379527241
- 0.043070233426988125
- 0.007120847119949758
- 0.009051548782736063
- 0.008772231405600905
- 0.04488729208242148
- 0.006275099236518145
- 0.007438993779942393
- 0.008340761065483093
- 0.04460388992447406
- 0.0056298652198165655
- 0.007225036388263106
- 0.007832271046936512
- 0.04462988721206784
- 0.006379263941198587
- 0.007413618150167167
- 0.0081464754184708
- 0.046136999037116766
- 0.006216909154318273
- 0.007178903557360172
- 0.00913429819047451
- 0.26721253991127014
- 0.010110770585015416
- 0.00891975499689579
- 0.008634568890556693
- 0.03750474681146443
- 0.0053401520708575845
- 0.005500770872458816
- 0.006085829460062087
- 0.03408013051375747
- 0.004578790860250592
- 0.005225180648267269
- 0.006139128701761365
- 0.03536353970412165
- 0.005051243701018393
- 0.005569415865465999
- 0.006329170428216457
- 0.03842297208029777
- 0.005236442084424198
- 0.006698576384223998
- 0.007610507891513407
- 0.04391034657601267
- 0.005881714751012623
- 0.00792954710777849
- 0.008477890747599304
- 0.045479420805349946
- 0.006016401574015617
- 0.007130710757337511
- 0.008751387358643115
- 0.048706489498727024
- 0.006844550604000688
- 0.007801519241183996
- 0.009043159778229892
img_rate:
- 0.25784897804260254
- 0
- 0
- 0
- 0
- 0
- 0
- 0
- 0
- 0
- 0
- 0
- 0
- 0
- 0
- 0
- 0
- 0
- 0
- 0
- 0
- 0
- 0
- 0
- 0
- 0
- 0
- 0
- 0
- 0
- 0
- 0
- 0.261696994304657
- 0
- 0
- 0
- 0
- 0
- 0
- 0
- 0
- 0
- 0
- 0
- 0
- 0
- 0
- 0
- 0
- 0
- 0
- 0
- 0
- 0
- 0
- 0
- 0
- 0
- 0
- 0
- 0
- 0
- 0
- 0
- 0.26721253991127014
- 0
- 0
- 0
- 0
- 0
- 0
- 0
- 0
- 0
- 0
- 0
- 0
- 0
- 0
- 0
- 0
- 0
- 0
- 0
- 0
- 0
- 0
- 0
- 0
- 0
- 0
- 0
- 0
- 0
- 0
- 0
mv_rate:
- 0
- 0.003485127119347453
- 0.0028828883077949286
- 0.0023699686862528324
- 0.002103638369590044
- 0.002024857560172677
- 0.0017604136373847723
- 0.0019380103331059217
- 0.0017265691421926022
- 0.001822726335376501
- 0.0018227609107270837
- 0.001915968139655888
- 0.0018879321869462729
- 0.0019007372902706265
- 0.0017981812125071883
- 0.001953376457095146
- 0.0018643378280103207
- 0.0018603185890242457
- 0.001759456587024033
- 0.001802203943952918
- 0.0017474523046985269
- 0.001790784765034914
- 0.0017734242137521505
- 0.0018874098313972354
- 0.0018421584973111749
- 0.0018962842877954245
- 0.0018862253054976463
- 0.0019073628354817629
- 0.001867520622909069
- 0.0018492329400032759
- 0.0017809063429012895
- 0.0017766602104529738
- 0
- 0.0029827181715518236
- 0.0025869724340736866
- 0.002459451323375106
- 0.0021889156196266413
- 0.00201350636780262
- 0.0019100219942629337
- 0.0020162512082606554
- 0.0019354276591911912
- 0.0018298453651368618
- 0.0018199140904471278
- 0.0019311259966343641
- 0.0018811998888850212
- 0.0018483850872144103
- 0.0018497542478144169
- 0.0019189242739230394
- 0.0018491697264835238
- 0.001825704239308834
- 0.0017429788131266832
- 0.001767716370522976
- 0.00192002032417804
- 0.0017649235669523478
- 0.0017520550172775984
- 0.0017285030335187912
- 0.0018037301488220692
- 0.0017880648374557495
- 0.0017588039627298713
- 0.0017474422929808497
- 0.0018447167240083218
- 0.001786226755939424
- 0.0018043434247374535
- 0.0018131001852452755
- 0
- 0.0033235030714422464
- 0.002558021806180477
- 0.0023988059256225824
- 0.0020411640871316195
- 0.0018825860461220145
- 0.0017151166684925556
- 0.001745638088323176
- 0.001726043876260519
- 0.0016888212412595749
- 0.0016605677083134651
- 0.0016898775938898325
- 0.0018617097521200776
- 0.0017382566584274173
- 0.001694943755865097
- 0.0017793076112866402
- 0.0018232242437079549
- 0.001694092876277864
- 0.0016955687897279859
- 0.0018397384556010365
- 0.001925192424096167
- 0.0018002974102273583
- 0.0017526036826893687
- 0.0018576261354610324
- 0.001856938237324357
- 0.0017531244084239006
- 0.0017496001673862338
- 0.0019388004438951612
- 0.0018769603921100497
- 0.0018932835664600134
- 0.0017958953976631165
- 0.0018613481661304832
res_rate:
- 0
- 0.007231664378196001
- 0.006770040839910507
- 0.005912691820412874
- 0.03716181218624115
- 0.00381942605599761
- 0.005226279143244028
- 0.005623998120427132
- 0.03469007834792137
- 0.0040222653187811375
- 0.005464253015816212
- 0.00630647549405694
- 0.040218286216259
- 0.004487888887524605
- 0.005745324306190014
- 0.006398000754415989
- 0.03874095529317856
- 0.0040488773956894875
- 0.0048280153423547745
- 0.005678623449057341
- 0.03969508409500122
- 0.003916935529559851
- 0.0053571369498968124
- 0.005554345902055502
- 0.04317066818475723
- 0.004209299571812153
- 0.006364666856825352
- 0.006565671879798174
- 0.042657654732465744
- 0.004972832277417183
- 0.004919877275824547
- 0.005167528986930847
- 0
- 0.007748078089207411
- 0.007033067289739847
- 0.006191932130604982
