checkpoint: finetune/0/stage_0/5.pth
lamb: 8192.0
intra_period: 32
width: 1920
height: 1080
frame_num: 96
i_num: 3
p_num: 93
avg_time: 10.737955808639526
all_frame_avg:
  rate: 0.05801796657518329
  distortion: 37.857348415211426
i_frame_avg:
  rate: 0.22560983896255493
  distortion: 40.227474168895355
p_frame_avg:
  rate: 0.05261177714333259
  distortion: 37.780892745737745
distortion:
- 40.24373360919369
- 37.92094141593634
- 37.58952641933151
- 37.387191418959105
- 38.504243101481535
- 37.46311803329646
- 37.289375835803405
- 37.253056550618524
- 38.50386513583731
- 37.58066485119258
- 37.328368869983834
- 37.11858907586758
- 38.26672980853465
- 37.36452899468296
- 37.17379756047382
- 37.12358982334603
- 38.319056398731114
- 37.43342989344296
- 37.31863750503377
- 37.250668378560064
- 38.45134498897439
- 37.54039068692223
- 37.39038249448104
- 37.44601391173684
- 38.66331640008785
- 37.811900268529804
- 37.659017798336734
- 37.51683399224506
- 38.650019873449104
- 37.74100633739336
- 37.50075599853056
- 37.42060690147369
- 40.2647903769633
- 38.06919738669687
- 37.78583252326432
- 37.68194107342785
- 38.70718906469092
- 37.78460783530147
- 37.60946069202901
- 37.52120804913338
- 38.60634853312079
- 37.712588882836535
- 37.561440503696254
- 37.48418771302468
- 38.55680789364972
- 37.636365238484025
- 37.534092362014825
- 37.48536772721729
- 38.61479865016088
- 37.57726940699182
- 37.33984943041686
- 37.29450948266817
- 38.483821489792476
- 37.593266958967355
- 37.3903464553547
- 37.24013348173919
- 38.44498449059694
- 37.69171016748349
- 37.52806283552217
- 37.4343231429568
- 38.57379674755344
- 37.649575689221805
- 37.468970140447546
- 37.3672208653377
- 40.17389852052907
- 38.221396199928634
- 38.04636407425014
- 37.84912567638874
- 38.804965817411286
- 37.89055754328433
- 37.68235282306109
- 37.65277010545057
- 38.7282577799281
- 37.85659839838904
- 37.66282939812582
- 37.5847463704583
- 38.70238310869395
- 37.739635738323514
- 37.54649160605871
- 37.5727406117749
- 38.634752673421936
- 37.75121171528673
- 37.574280776132376
- 37.44070934598487
- 38.561766193320175
- 37.651338380837494
- 37.44893836668395
- 37.2759062844632
- 38.50464662954642
- 37.67781535593875
- 37.52640881922422
- 37.46235765503617
- 38.60129971619111
- 37.71076310773808
- 37.49382738500266
- 37.35554406020253
rate:
- 0.22950255870819092
- 0.05241392087191343
- 0.051902675069868565
- 0.05055628437548876
- 0.10202329279854894
- 0.041222458239644766
- 0.04435980087146163
- 0.04512506723403931
- 0.09491859539411962
- 0.03811752703040838
- 0.04314338439144194
- 0.04518962255679071
- 0.1026030546054244
- 0.03892990713939071
- 0.04412049986422062
- 0.046034222934395075
- 0.09987064148299396
- 0.038415185175836086
- 0.04385698027908802
- 0.04448964586481452
- 0.09585084766149521
- 0.0371552889700979
- 0.041898442432284355
- 0.041711228899657726
- 0.08967417851090431
- 0.035429320530965924
- 0.03975289943628013
- 0.04174191108904779
- 0.09082171181216836
- 0.03539248090237379
- 0.04049581568688154
- 0.04149029101245105
- 0.22343628108501434
- 0.0448702173307538
- 0.045546929351985455
- 0.04353947611525655
- 0.09212875552475452
- 0.03552944818511605
- 0.0397959069814533
- 0.04175568465143442
- 0.09084962448105216
- 0.03585089137777686
- 0.04131255648098886
- 0.042624789057299495
- 0.09267680626362562
- 0.036817172076553106
- 0.04231646750122309
- 0.042647098656743765
- 0.09145392919890583
- 0.03775320993736386
- 0.043586849234998226
- 0.04389948141761124
- 0.09502092539332807
- 0.037751499097794294
- 0.04183579608798027
- 0.044181281700730324
- 0.09346741763874888
- 0.037682196125388145
- 0.0411033749114722
- 0.04252654197625816
- 0.09279265208169818
- 0.037156800739467144
- 0.04103665961883962
- 0.04136159340851009
- 0.22389067709445953
- 0.043193306773900986
- 0.04244544357061386
- 0.042403959203511477
- 0.08877427782863379
- 0.03553204657509923
- 0.03885748330503702
- 0.04092508973553777
- 0.0863423771224916
- 0.035526932682842016
- 0.04005898325704038
- 0.041287042666226625
- 0.08667801460251212
- 0.035503038903698325
- 0.04058069596067071
- 0.04126380942761898
- 0.08879674784839153
- 0.03621048107743263
- 0.04014405841007829
- 0.04243911150842905
- 0.09054919914342463
- 0.03676258446648717
- 0.04067565128207207
- 0.04180564405396581
- 0.09168647276237607
- 0.03530767047777772
- 0.03903457196429372
- 0.040115730836987495
- 0.08822920196689665
- 0.033803431084379554
- 0.03896440682001412
- 0.03941859328188002
img_rate:
- 0.22950255870819092
- 0
- 0
- 0
- 0
- 0
- 0
- 0
- 0
- 0
- 0
- 0
- 0
- 0
- 0
- 0
- 0
- 0
- 0
- 0
- 0
- 0
- 0
- 0
- 0
- 0
- 0
- 0
- 0
- 0
- 0
- 0
- 0.22343628108501434
- 0
- 0
- 0
- 0
- 0
- 0
- 0
- 0
- 0
- 0
- 0
- 0
- 0
- 0
- 0
- 0
- 0
- 0
- 0
- 0
- 0
- 0
- 0
- 0
- 0
- 0
- 0
- 0
- 0
- 0
- 0
- 0.22389067709445953
- 0
- 0
- 0
- 0
- 0
- 0
- 0
- 0
- 0
- 0
- 0
- 0
- 0
- 0
- 0
- 0
- 0
- 0
- 0
- 0
- 0
- 0
- 0
- 0
- 0
- 0
- 0
- 0
- 0
- 0
- 0
mv_rate:
- 0
- 0.012438165955245495
- 0.008025174029171467
- 0.006428503431379795
- 0.005669270176440477
- 0.005272494163364172
- 0.0040591261349618435
- 0.0042410120368003845
- 0.00360777392052114
- 0.00399745162576437
- 0.003368452424183488
- 0.00370562425814569
- 0.003916910849511623
- 0.003758189734071493
- 0.003338964655995369
- 0.003886877093464136
- 0.003449623240157962
- 0.0040301112458109856
- 0.0038845669478178024
- 0.003935360815376043
- 0.003484867513179779
- 0.0037494448479264975
- 0.003833116963505745
- 0.004163655452430248
- 0.003636453300714493
- 0.0038244978059083223
- 0.0033113311510533094
- 0.0037617904599756002
- 0.0035463483072817326
- 0.0033280951902270317
- 0.0035556992515921593
- 0.0035977221559733152
- 0
- 0.010752295143902302
- 0.007103807292878628
- 0.006447889376431704
- 0.005787471309304237
- 0.00484284246340394
- 0.0038387717213481665
- 0.004484568722546101
- 0.0041349767707288265
- 0.004084066953510046
- 0.0038196255918592215
- 0.0038374538999050856
- 0.003585810773074627
- 0.004008797463029623
- 0.004006189294159412
- 0.0035433038137853146
- 0.0037271424662321806
- 0.003956076223403215
- 0.004110868088901043
- 0.0038671393413096666
- 0.003529293229803443
- 0.0037220302037894726
- 0.0033975504338741302
- 0.004029257223010063
- 0.003942418377846479
- 0.004494750872254372
- 0.0036836161743849516
- 0.003841708181425929
- 0.0040734331123530865
- 0.0035662753507494926
- 0.0034915076103061438
- 0.003627900732681155
- 0
- 0.011026781052350998
- 0.006377480924129486
- 0.005773563403636217
- 0.005208893679082394
- 0.004907435271888971
- 0.003697388805449009
- 0.004535407293587923
- 0.004067850764840841
- 0.004293020348995924
- 0.0038188190665096045
- 0.0040562753565609455
- 0.004035489168018103
- 0.0037756392266601324
- 0.004065307322889566
- 0.004345865920186043
- 0.004114283248782158
- 0.003966040909290314
- 0.0036653117276728153
- 0.0039320336654782295
- 0.0037036447320133448
- 0.004082974512130022
- 0.003849644213914871
- 0.004151333589106798
- 0.004050352144986391
- 0.0038940743543207645
- 0.003474984783679247
- 0.003706047311425209
- 0.0036994966212660074
- 0.003507906338199973
- 0.003561497898772359
- 0.003779851133003831
res_rate:
- 0
- 0.03997575491666794
- 0.0438775010406971
- 0.04412778094410896
- 0.09635402262210846
- 0.035949964076280594
- 0.040300674736499786
- 0.04088405519723892
- 0.09131082147359848
- 0.03412007540464401
- 0.03977493196725845
- 0.04148399829864502
- 0.09868614375591278
- 0.035171717405319214
- 0.04078153520822525
- 0.04214734584093094
- 0.096421018242836
- 0.0343850739300251
- 0.03997241333127022
- 0.04055428504943848
- 0.09236598014831543
- 0.0334058441221714
- 0.03806532546877861
- 0.03754757344722748
- 0.08603772521018982
- 0.0316048227250576
- 0.03644156828522682
- 0.03798012062907219
- 0.08727536350488663
- 0.03206438571214676
- 0.03694011643528938
- 0.03789256885647774
- 0
- 0.0341179221868515
- 0.03844312205910683
- 0.037091586738824844
- 0.08634128421545029
- 0.030686605721712112
- 0.03595713526010513
- 0.03727111592888832
- 0.08671464771032333
- 0.031766824424266815
