checkpoint: finetune/0/stage_0/5.pth
lamb: 8192.0
intra_period: 32
width: 1280
height: 720
frame_num: 96
i_num: 3
p_num: 93
avg_time: 5.294061660766602
all_frame_avg:
  rate: 0.02522355257557744
  distortion: 38.53542674303268
i_frame_avg:
  rate: 0.2877429624398549
  distortion: 41.18548075139388
p_frame_avg:
  rate: 0.016755184515439454
  distortion: 38.44994112985973
distortion:
- 41.21959934691315
- 39.35521270359372
- 39.356158282191515
- 39.088811077369876
- 39.61957928284433
- 39.14624931330509
- 38.96470633053262
- 38.75619736281706
- 39.28929789852033
- 38.83389818785653
- 38.666746626706725
- 38.48837493390731
- 39.04962387412584
- 38.58297622767704
- 38.395782600427296
- 38.18917013347113
- 38.80208559932218
- 38.345567703315176
- 38.185555531179496
- 37.99081847958769
- 38.58032608107531
- 38.1530311437272
- 37.98264789849902
- 37.72440836534764
- 38.393901273150234
- 37.94512403194424
- 37.78695998170099
- 37.57103337020646
- 38.26229055960617
- 37.84029457518376
- 37.68540602833954
- 37.485277408678115
- 41.14850258385786
- 39.29125175645033
- 39.33881405406842
- 39.04185281328705
- 39.57829263793435
- 39.112285717683434
- 38.95255523898089
- 38.7499343642973
- 39.219605173506615
- 38.81300098312574
- 38.63439317315493
- 38.47772218658196
- 39.00318212151455
- 38.58971578387868
- 38.43547506073993
- 38.204083307212095
- 38.73440032343495
- 38.320982426190696
- 38.165200660834934
- 37.954900732576945
- 38.5168215906437
- 38.08506151360999
- 37.95989453925312
- 37.7444428119353
- 38.343493501951095
- 37.96003993409842
- 37.80528438722754
- 37.5842948529757
- 38.210947942887074
- 37.815541985252224
- 37.65834286505468
- 37.47363426736288
- 41.18834032341063
- 39.39038748516076
- 39.38217513814205
- 39.13329426454427
- 39.644821268430796
- 39.205117567067795
- 39.045012726679
- 38.85208771966249
- 39.304155420595556
- 38.879658239210634
- 38.68570138029793
- 38.465392089612884
- 39.00635775086126
- 38.52346098480225
- 38.32560631703445
- 38.104944508286096
- 38.75506939428022
- 38.291921159399564
- 38.11284730690317
- 37.898634836269146
- 38.561679968881364
- 38.08633448488364
- 37.89455500372868
- 37.679532879172285
- 38.34395056133561
- 37.85529651229404
- 37.68932884806933
- 37.487509003739305
- 38.166961840630165
- 37.75416978995074
- 37.62750319896688
- 37.39809585414794
rate:
- 0.2829389274120331
- 0.011409354628995061
- 0.009594995528459549
- 0.008871328784152865
- 0.03861788101494312
- 0.00637051067315042
- 0.007051393389701843
- 0.00842605426441878
- 0.03972461202647537
- 0.006401002174243331
- 0.007610633736476302
- 0.009081440977752209
- 0.04403462749905884
- 0.0069929612800478935
- 0.008247512741945684
- 0.008951608091592789
- 0.0472889244556427
- 0.006505665252916515
- 0.008186676655896008
- 0.00905617419630289
- 0.049893931951373816
- 0.006841870257630944
- 0.007995093706995249
- 0.010202587815001607
- 0.055798316141590476
- 0.007147999480366707
- 0.008580928901210427
- 0.009741984773427248
- 0.057405908359214664
- 0.006725465296767652
- 0.00800719647668302
- 0.008996953489258885
- 0.2898930013179779
- 0.011189471697434783
- 0.009459355613216758
- 0.008555742911994457
- 0.03936152206733823
- 0.005677677225321531
- 0.006284009665250778
- 0.007248170441016555
- 0.03874836605973542
- 0.005397949134930968
- 0.006019500084221363
- 0.00728386570699513
- 0.0419000661931932
- 0.00588765786960721
- 0.0062060055788606405
- 0.0076099184807389975
- 0.045946551486849785
- 0.005422496236860752
- 0.006042561144568026
- 0.007157655665650964
- 0.04764342086855322
- 0.005039808456785977
- 0.006311226869001985
- 0.007868491695262492
- 0.052222602535039186
- 0.005325017380528152
- 0.0070396800292655826
- 0.008152165217325091
- 0.05381397868040949
- 0.005534047493711114
- 0.0069505812134593725
- 0.008374661905691028
- 0.29039695858955383
- 0.010027820011600852
- 0.008361413143575191
- 0.008214355213567615
- 0.03868354810401797
- 0.0059008479584008455
- 0.00570168427657336
- 0.007240106351673603
- 0.036761537194252014
- 0.005720168584957719
- 0.006740982411429286
- 0.008838678011670709
- 0.04526288295164704
- 0.006506830337457359
- 0.008528649806976318
- 0.01005027093924582
- 0.05116521893069148
- 0.007439959794282913
- 0.009172887541353703
- 0.010783625999465585
- 0.05440349131822586
- 0.007595561211928725
- 0.009365886216983199
- 0.011125234654173255
- 0.05642293463461101
- 0.007985462434589863
- 0.009714907500892878
- 0.010497346986085176
- 0.05784533452242613
- 0.007426575291901827
- 0.00883756740950048
- 0.01047457056120038
img_rate:
- 0.2829389274120331
- 0
- 0
- 0
- 0
- 0
- 0
- 0
- 0
- 0
- 0
- 0
- 0
- 0
- 0
- 0
- 0
- 0
- 0
- 0
- 0
- 0
- 0
- 0
- 0
- 0
- 0
- 0
- 0
- 0
- 0
- 0
- 0.2898930013179779
- 0
- 0
- 0
- 0
- 0
- 0
- 0
- 0
- 0
- 0
- 0
- 0
- 0
- 0
- 0
- 0
- 0
- 0
- 0
- 0
- 0
- 0
- 0
- 0
- 0
- 0
- 0
- 0
- 0
- 0
- 0
- 0.29039695858955383
- 0
- 0
- 0
- 0
- 0
- 0
- 0
- 0
- 0
- 0
- 0
- 0
- 0
- 0
- 0
- 0
- 0
- 0
- 0
- 0
- 0
- 0
- 0
- 0
- 0
- 0
- 0
- 0
- 0
- 0
- 0
mv_rate:
- 0
- 0.003599737538024783
- 0.00312980730086565
- 0.0024844722356647253
- 0.0022040586918592453
- 0.0020229497458785772
- 0.0017702756449580193
- 0.0018890745704993606
- 0.0019455974688753486
- 0.0019128762651234865
- 0.0018103544134646654
- 0.0021109371446073055
- 0.0019947004038840532
- 0.0019647744484245777
- 0.0019255982479080558
- 0.0018886048346757889
- 0.0020060092210769653
- 0.0019128721905872226
- 0.0018423903966322541
- 0.0020303246565163136
- 0.0020301020704209805
- 0.0018326288554817438
- 0.0019746683537960052
- 0.002158042276278138
- 0.002127645304426551
- 0.0020257113501429558
- 0.0020066213328391314
- 0.002019363921135664
- 0.002139069838449359
- 0.001924822456203401
- 0.001961378613486886
- 0.0019704794976860285
- 0
- 0.0035915810149163008
- 0.002912018680945039
- 0.002567784860730171
- 0.002467178273946047
- 0.0020195075776427984
- 0.001841757446527481
- 0.001954598119482398
- 0.001857836963608861
- 0.0019487084355205297
- 0.001773027703166008
- 0.0019464397337287664
- 0.002088883426040411
- 0.0019543226808309555
- 0.0019340149592608213
- 0.0020077514927834272
- 0.0019722338765859604
- 0.0018077748827636242
- 0.0018626420060172677
- 0.001799669349566102
- 0.0018943824106827378
- 0.001756356912665069
- 0.0018311489839106798
- 0.0018405142473056912
- 0.0019484912045300007
- 0.0017209089128300548
- 0.0017942263511940837
- 0.001960119931027293
- 0.0019087564432993531
- 0.0018029294442385435
- 0.0018865789752453566
- 0.0019513124134391546
- 0
- 0.003233379917219281
- 0.002950613386929035
- 0.0025318756233900785
- 0.0024878191761672497
- 0.0021465367171913385
- 0.0019262522691860795
- 0.0020563770085573196
- 0.002023320645093918
- 0.002000711392611265
- 0.0018950665835291147
- 0.0021015831734985113
- 0.002070943359285593
- 0.001907479832880199
- 0.002047094516456127
- 0.002128191525116563
- 0.002205613534897566
- 0.0021399296820163727
- 0.0020752297714352608
- 0.002166585298255086
- 0.002159949392080307
- 0.0021011114586144686
- 0.0020077454391866922
- 0.0021708474960178137
- 0.002134070498868823
- 0.0020406837575137615
- 0.0020199636928737164
- 0.0021100607700645924
- 0.0021165190264582634
- 0.002065589651465416
- 0.002027509966865182
- 0.0020705978386104107
res_rate:
- 0
- 0.007809617090970278
- 0.006465188227593899
- 0.00638685654848814
- 0.03641382232308388
- 0.004347560927271843
- 0.005281117744743824
- 0.00653697969391942
- 0.03777901455760002
- 0.0044881259091198444
- 0.005800279323011637
- 0.006970503833144903
- 0.04203992709517479
- 0.005028186831623316
- 0.006321914494037628
- 0.007063003256917
- 0.045282915234565735
- 0.004592793062329292
- 0.006344286259263754
- 0.007025849539786577
- 0.047863829880952835
- 0.0050092414021492004
- 0.0060204253531992435
- 0.008044545538723469
- 0.053670670837163925
- 0.005122288130223751
- 0.006574307568371296
- 0.007722620852291584
- 0.055266838520765305
- 0.004800642840564251
- 0.006045817863196135
- 0.007026473991572857
- 0
- 0.007597890682518482
- 0.006547336932271719
- 0.005987958051264286
- 0.03689434379339218
