checkpoint: finetune/0/stage_0/5.pth
lamb: 8192.0
intra_period: 32
width: 1920
height: 1080
frame_num: 96
i_num: 3
p_num: 93
avg_time: 9.78851056098938
all_frame_avg:
  rate: 0.08644883982924512
  distortion: 35.05388560042494
i_frame_avg:
  rate: 0.6007105708122253
  distortion: 37.6406729342734
p_frame_avg:
  rate: 0.06985975173301995
  distortion: 34.97044084772015
distortion:
- 37.74399618711157
- 36.05719962366632
- 35.66978152781394
- 35.388040424618666
- 36.34638391762516
- 35.65336394366507
- 35.31274551529128
- 35.08951388291645
- 36.0770552029466
- 35.35099089913643
- 35.033795230160536
- 34.849073243311274
- 35.89812425438789
- 35.25517538360299
- 34.946981861064344
- 34.82066555790267
- 35.81798749505202
- 35.178158426045286
- 34.868844869677524
- 34.669491831967164
- 35.7657380631541
- 35.15351579418324
- 34.88052549905952
- 34.70520847727751
- 35.714184212221
- 35.10122976360443
- 34.791262540717824
- 34.61199009031611
- 35.64990597558995
- 35.02056254189291
- 34.71970121968355
- 34.53989888607046
- 37.729811947843
- 36.02035450505502
- 35.62109238898403
- 35.330391385774966
- 36.26592963912976
- 35.43599769314854
- 35.10593726691035
- 34.8493261123926
- 35.86576845602533
- 35.11607899529209
- 34.81314871324511
- 34.593466857625145
- 35.59395877795365
- 34.85232189742344
- 34.527721379460814
- 34.3444954527235
- 35.35757275759216
- 34.65324529626626
- 34.39452639881448
- 34.23611827498336
- 35.29718864760423
- 34.585722383988
- 34.30319131936494
- 34.1163907850349
- 35.20674582589884
- 34.50054479444928
- 34.19034065823604
- 34.04351517084463
- 35.11098405327259
- 34.43727477701732
- 34.14669076649636
- 33.99684089238454
- 37.44821066786563
- 35.4925232570561
- 35.14281834250633
- 34.96117740348679
- 35.94141619969113
- 35.09405920135234
- 34.782846132873125
- 34.53957425067478
- 35.59725964376971
- 34.93644897791653
- 34.644002874805004
- 34.42155319782152
- 35.527576859700474
- 34.75141105279417
- 34.5134033561433
- 34.36173749558199
- 35.357143984775064
- 34.71306553881897
- 34.37489909543262
- 34.23870670690244
- 35.26909698876693
- 34.66598397705646
- 34.39220899518543
- 34.21311696386104
- 35.23374185830474
- 34.60501573016752
- 34.289770083638686
- 34.14131325828433
- 35.17055426700318
- 34.56000627827782
- 34.31922066194416
- 34.149367725366616
rate:
- 0.5679917335510254
- 0.033596329391002655
- 0.04020153358578682
- 0.04044480202719569
- 0.15139321330934763
- 0.02696825424209237
- 0.03496249904856086
- 0.03942407248541713
- 0.15143732796423137
- 0.02796027739532292
- 0.03722021169960499
- 0.04004273493774235
- 0.16088266391307116
- 0.027856282191351056
- 0.03642980824224651
- 0.04008496482856572
- 0.1574166133068502
- 0.02800384140573442
- 0.036355792777612805
- 0.03966008732095361
- 0.15782908792607486
- 0.0272861048579216
- 0.03647380252368748
- 0.039622086100280285
- 0.1566757350228727
- 0.028145872987806797
- 0.03685794840566814
- 0.03968011192046106
- 0.15967727731913328
- 0.028207150986418128
- 0.03748004883527756
- 0.041760433465242386
- 0.5879008173942566
- 0.03623032569885254
- 0.041375082451850176
- 0.04286872409284115
- 0.15930889453738928
- 0.029844835866242647
- 0.038244335912168026
- 0.042711045825853944
- 0.16324728704057634
- 0.03157709329389036
- 0.04058425058610737
- 0.044521333649754524
- 0.17164011904969811
- 0.03305490501224995
- 0.04293593391776085
- 0.04813853674568236
- 0.18201702740043402
- 0.036734876688569784
- 0.04729797109030187
- 0.05187084130011499
- 0.1864765086211264
- 0.039621598087251186
- 0.049716719426214695
- 0.056137504521757364
- 0.196316784247756
- 0.04168974724598229
- 0.05144061124883592
- 0.05565548734739423
- 0.19866196485236287
- 0.04053222294896841
- 0.05006103636696935
- 0.05370206478983164
- 0.646239161491394
- 0.04757912550121546
- 0.05076304217800498
- 0.05033106775954366
- 0.17592082591727376
- 0.035841068252921104
- 0.04443330317735672
- 0.04908762685954571
- 0.17633531289175153
- 0.034014931647107005
- 0.04276589094661176
- 0.04654703103005886
- 0.17216177051886916
- 0.03616795130074024
- 0.04295300063677132
- 0.04551397496834397
- 0.17497762897983193
- 0.034345635678619146
- 0.04384872782975435
- 0.047361643984913826
- 0.18022264866158366
- 0.03340555285103619
- 0.042859940556809306
- 0.04658474703319371
- 0.17985082091763616
- 0.033758858451619744
- 0.04267564765177667
- 0.045256499433889985
- 0.1799507208634168
- 0.03277973202057183
- 0.040411570807918906
- 0.04399797157384455
img_rate:
- 0.5679917335510254
- 0
- 0
- 0
- 0
- 0
- 0
- 0
- 0
- 0
- 0
- 0
- 0
- 0
- 0
- 0
- 0
- 0
- 0
- 0
- 0
- 0
- 0
- 0
- 0
- 0
- 0
- 0
- 0
- 0
- 0
- 0
- 0.5879008173942566
- 0
- 0
- 0
- 0
- 0
- 0
- 0
- 0
- 0
- 0
- 0
- 0
- 0
- 0
- 0
- 0
- 0
- 0
- 0
- 0
- 0
- 0
- 0
- 0
- 0
- 0
- 0
- 0
- 0
- 0
- 0
- 0.646239161491394
- 0
- 0
- 0
- 0
- 0
- 0
- 0
- 0
- 0
- 0
- 0
- 0
- 0
- 0
- 0
- 0
- 0
- 0
- 0
- 0
- 0
- 0
- 0
- 0
- 0
- 0
- 0
- 0
- 0
- 0
- 0
mv_rate:
- 0
- 0.00839918851852417
- 0.006445500999689102
- 0.004822454880923033
- 0.004812740720808506
- 0.0038621113635599613
- 0.00310727721080184
- 0.0036388891749083996
- 0.0031308389734476805
- 0.0029575296211987734
- 0.0025833938270807266
- 0.0030622512567788363
- 0.002975684590637684
- 0.003043352859094739
- 0.0025350756477564573
- 0.002985607134178281
- 0.0030718310736119747
- 0.0028356534894555807
- 0.0027643360663205385
- 0.0031154551543295383
- 0.003160190535709262
- 0.0029043499380350113
- 0.0029119804967194796
- 0.002874552272260189
- 0.0029447018168866634
- 0.00302888173609972
- 0.0027939423453062773
- 0.0030872186180204153
- 0.0034291697666049004
- 0.0028223914559930563
- 0.0025775767862796783
- 0.003478311002254486
- 0
- 0.009048083797097206
- 0.00676537724211812
- 0.004949865862727165
- 0.004882647655904293
- 0.003911141771823168
- 0.003038535825908184
- 0.003820821875706315
- 0.0032270399387925863
- 0.003533037146553397
- 0.0030663118232041597
- 0.003162408247590065
- 0.003171002957969904
- 0.0031801220029592514
- 0.0028951428830623627
- 0.0032905677799135447
- 0.0036479225382208824
- 0.0036150491796433926
- 0.0033786387648433447
- 0.003517124569043517
- 0.0037063010968267918
- 0.003572060726583004
- 0.0034764083102345467
- 0.003892055246978998
- 0.004331385716795921
- 0.0038178276736289263
- 0.0035642085131257772
- 0.003718127030879259
- 0.004142638761550188
- 0.003870929591357708
- 0.0032622148282825947
- 0.0038360999897122383
- 0
- 0.00931327510625124
- 0.007030365522950888
- 0.005810611415654421
- 0.005421158391982317
- 0.004177717491984367
- 0.0036392882466316223
- 0.004111776128411293
- 0.003635816741734743
- 0.0035366907250136137
- 0.003395439824089408
- 0.003639375790953636
- 0.004096833523362875
- 0.0033247526735067368
- 0.0032276336569339037
- 0.003800975624471903
- 0.003776757512241602
- 0.003486787434667349
- 0.0030477801337838173
- 0.0037128720432519913
- 0.0037394645623862743
- 0.003076984779909253
- 0.0034675474744290113
- 0.0033245861995965242
- 0.0036402088589966297
- 0.0034018962178379297
- 0.0028254275675863028
- 0.003314659232273698
- 0.0036263831425458193
- 0.003376095788553357
- 0.0032810696866363287
- 0.003341557690873742
res_rate:
- 0
- 0.025197140872478485
- 0.03375603258609772
- 0.03562234714627266
- 0.14658047258853912
- 0.02310614287853241
- 0.03185522183775902
- 0.03578518331050873
- 0.1483064889907837
- 0.025002747774124146
- 0.03463681787252426
- 0.036980483680963516
- 0.15790697932243347
- 0.024812929332256317
- 0.03389473259449005
- 0.037099357694387436
- 0.15434478223323822
- 0.02516818791627884
- 0.03359145671129227
- 0.03654463216662407
- 0.1546688973903656
- 0.02438175491988659
- 0.033561822026968
- 0.036747533828020096
- 0.15373103320598602
- 0.025116991251707077
- 0.03406400606036186
- 0.03659289330244064
- 0.15624810755252838
- 0.02538475953042507
- 0.03490247204899788
- 0.0382821224629879
- 0
- 0.027182241901755333
- 0.034609705209732056
- 0.03791885823011398
- 0.15442624688148499
- 0.02593369409441948
- 0.03520580008625984
- 0.03889022395014763
- 0.16002024710178375
- 0.02804405614733696
