checkpoint: finetune/0/stage_0/5.pth
lamb: 8192.0
intra_period: 32
width: 832
height: 480
frame_num: 96
i_num: 3
p_num: 93
avg_time: 3.5175955295562744
all_frame_avg:
  rate: 0.23361509329697583
  distortion: 29.88024048702903
i_frame_avg:
  rate: 1.4625858465830486
  distortion: 33.092422494660475
p_frame_avg:
  rate: 0.193970875449038
  distortion: 29.776621712589307
distortion:
- 32.92386270596809
- 32.50511036519991
- 32.40739662711134
- 30.50698780194599
- 30.90508941383241
- 29.980033179500758
- 29.60448788567588
- 29.38961782707809
- 30.19268351347888
- 29.498333147516334
- 29.20946875967594
- 29.072054442517988
- 29.862302423630833
- 29.247037438091432
- 28.97903329926638
- 28.823759149848986
- 29.637878006506515
- 29.021561539193147
- 28.8060597739564
- 28.714001644945842
- 29.52399506783292
- 28.98576690279443
- 28.822368021054725
- 28.745815935301916
- 29.575935617478656
- 29.029876782822683
- 28.868999253910587
- 28.757222801374315
- 29.594760456695504
- 29.061587143795535
- 28.88409077635284
- 28.834584914379025
- 33.15123911818759
- 31.079846117176693
- 30.524510558116702
- 30.22532129180824
- 31.064267133574987
- 30.346547610289825
- 30.1206505297047
- 29.93520439699603
- 30.735719175607183
- 30.146169106747127
- 29.899599259040478
- 29.72633650813105
- 30.513092172942113
- 29.92149647706388
- 29.631771777221985
- 29.424714399113185
- 30.19643155624879
- 29.621474750769416
- 29.365072305888077
- 29.176250938082365
- 29.956085976806527
- 29.36876543448264
- 29.12440945492363
- 29.004774420180475
- 29.84573549408294
- 29.31723335663253
- 29.11417816996755
- 28.979374228201372
- 29.801267487395688
- 29.23626881250268
- 29.025345721785882
- 28.90899913841094
- 33.20216565982575
- 31.188504425384444
- 30.54615017041295
- 30.233026065818084
- 30.978619777484823
- 30.30665278552801
- 30.059186176663957
- 29.956596015045697
- 30.80066557673002
- 30.213305101125588
- 29.957358431182072
- 29.83196129469014
- 30.714718413164984
- 30.1266602565436
- 29.839757931435187
- 29.66961660229262
- 30.536577411389473
- 29.959816795490507
- 29.72739856357886
- 29.602835757793923
- 30.43342387713725
- 29.85212148942553
- 29.624159042429532
- 29.460106731458918
- 30.302843410301197
- 29.75335397619603
- 29.531081438147744
- 29.400430904836007
- 30.140846722169698
- 29.598344501758262
- 29.33713212597032
- 29.157753826558626
rate:
- 1.5271919965744019
- 0.01686810702085495
- 0.006500408984720707
- 0.16584565863013268
- 0.43057507928460836
- 0.13968925457447767
- 0.16669874638319016
- 0.1752367876470089
- 0.4502127254381776
- 0.13752455543726683
- 0.16747499722987413
- 0.17503713350743055
- 0.4579715868458152
- 0.13937126751989126
- 0.16642156522721052
- 0.18117277137935162
- 0.47771046590059996
- 0.14653957914561033
- 0.17479918524622917
- 0.18182466505095363
- 0.46751593984663486
- 0.1381353442557156
- 0.16952849831432104
- 0.1823969315737486
- 0.46183796506375074
- 0.13601727690547705
- 0.1620766152627766
- 0.17456636764109135
- 0.461015741340816
- 0.13038005586713552
- 0.1543225455097854
- 0.16347229108214378
- 1.4085156917572021
- 0.13699393533170223
- 0.14322336483746767
- 0.13432250078767538
- 0.3685728535056114
- 0.09303077962249517
- 0.1080313827842474
- 0.11841582087799907
- 0.3642667690292001
- 0.07968096248805523
- 0.10374783910810947
- 0.11690197000280023
- 0.3703357120975852
- 0.0833812803030014
- 0.1122254803776741
- 0.13151905220001936
- 0.4061285788193345
- 0.10316008189693093
- 0.13440353935584426
- 0.14827030152082443
- 0.43512149760499597
- 0.11470822663977742
- 0.1455534938722849
- 0.15497093927115202
- 0.4410256948322058
- 0.10996633768081665
- 0.1352140880189836
- 0.1481748870573938
- 0.4402563674375415
- 0.11131185619160533
- 0.142656356561929
- 0.1519270990975201
- 1.4520498514175415
- 0.13008826971054077
- 0.1387792406603694
- 0.1455904608592391
- 0.39409629814326763
- 0.10032458556815982
- 0.1232907772064209
- 0.13161327643319964
- 0.3822743408381939
- 0.09220913704484701
- 0.11929738242179155
- 0.12932284828275442
- 0.38814111799001694
- 0.08661340223625302
- 0.11224699532613158
- 0.12494296953082085
- 0.38914516754448414
- 0.0873159496113658
- 0.10890180058777332
- 0.11737345112487674
- 0.381976633798331
- 0.08052849723026156
- 0.10958523396402597
- 0.11854940885677934
- 0.39360221894457936
- 0.08348571415990591
- 0.11391752632334828
- 0.1277763112448156
- 0.41791351372376084
- 0.09592010686174035
- 0.1263819900341332
- 0.14184762816876173
img_rate:
- 1.5271919965744019
- 0
- 0
- 0
- 0
- 0
- 0
- 0
- 0
- 0
- 0
- 0
- 0
- 0
- 0
- 0
- 0
- 0
- 0
- 0
- 0
- 0
- 0
- 0
- 0
- 0
- 0
- 0
- 0
- 0
- 0
- 0
- 1.4085156917572021
- 0
- 0
- 0
- 0
- 0
- 0
- 0
- 0
- 0
- 0
- 0
- 0
- 0
- 0
- 0
- 0
- 0
- 0
- 0
- 0
- 0
- 0
- 0
- 0
- 0
- 0
- 0
- 0
- 0
- 0
- 0
- 1.4520498514175415
- 0
- 0
- 0
- 0
- 0
- 0
- 0
- 0
- 0
- 0
- 0
- 0
- 0
- 0
- 0
- 0
- 0
- 0
- 0
- 0
- 0
- 0
- 0
- 0
- 0
- 0
- 0
- 0
- 0
- 0
- 0
mv_rate:
- 0
- 0.0031964443624019623
- 0.0018377359956502914
- 0.01792418584227562
- 0.01175952609628439
- 0.008752348832786083
- 0.008878715336322784
- 0.00911087915301323
- 0.008632578887045383
- 0.008725146763026714
- 0.007931244559586048
- 0.007750022225081921
- 0.007914884947240353
- 0.007894880138337612
- 0.007906007580459118
- 0.008110521361231804
- 0.00823173951357603
- 0.008150364272296429
- 0.007291655987501144
- 0.007711838465183973
- 0.007918650284409523
- 0.007300690282136202
- 0.007705329917371273
- 0.007699592038989067
- 0.008364933542907238
- 0.007792561315000057
- 0.0076738824136555195
- 0.008095884695649147
- 0.007420758716762066
- 0.007751091383397579
- 0.0071762013249099255
- 0.007839586585760117
- 0
- 0.01680917851626873
- 0.011040751822292805
- 0.009260809980332851
- 0.009033195674419403
- 0.007495633326470852
- 0.005669845268130302
- 0.006194751244038343
- 0.006091759540140629
- 0.005830308422446251
- 0.005267711356282234
- 0.005754342768341303
- 0.0054234107956290245
- 0.005556620657444
- 0.0047637224197387695
- 0.0055734990164637566
- 0.006186359561979771
- 0.0061750770546495914
- 0.00550794368609786
- 0.006220526993274689
- 0.006971767637878656
- 0.007086743135005236
- 0.006636405363678932
- 0.006793241016566753
- 0.0067769791930913925
- 0.006361350417137146
- 0.0062726265750825405
- 0.006655847188085318
- 0.007046143524348736
- 0.006428639870136976
- 0.0061017428524792194
- 0.006472573149949312
- 0
- 0.015346542000770569
- 0.011052790097892284
- 0.009898400865495205
- 0.00923965685069561
- 0.007350973319262266
- 0.005932658910751343
- 0.006674251984804869
- 0.005994003266096115
- 0.005900389514863491
- 0.005932127125561237
- 0.005781172774732113
- 0.005779199302196503
- 0.004982702899724245
- 0.004854393657296896
- 0.0055652521550655365
- 0.005832912400364876
- 0.00527826976031065
- 0.00457012839615345
- 0.005576982628554106
- 0.005348652135580778
- 0.005001686047762632
- 0.005001776851713657
- 0.005123125854879618
- 0.005680080968886614
- 0.00543594267219305
- 0.00501427473500371
- 0.0055555193684995174
- 0.0060467892326414585
- 0.00600323686376214
- 0.006206412333995104
- 0.006667810492217541
res_rate:
- 0
- 0.013671662658452988
- 0.0046626729890704155
- 0.14792147278785706
- 0.418815553188324
- 0.1309369057416916
- 0.15782003104686737
- 0.16612590849399567
- 0.4415801465511322
- 0.1287994086742401
- 0.15954375267028809
- 0.16728711128234863
- 0.45005670189857483
- 0.13147638738155365
- 0.1585155576467514
- 0.1730622500181198
- 0.4694787263870239
- 0.1383892148733139
- 0.16750752925872803
- 0.17411282658576965
- 0.45959728956222534
- 0.1308346539735794
- 0.16182316839694977
- 0.17469733953475952
- 0.4534730315208435
- 0.128224715590477
- 0.1544027328491211
- 0.1664704829454422
- 0.45359498262405396
- 0.12262896448373795
- 0.1471463441848755
- 0.15563270449638367
- 0
- 0.1201847568154335
- 0.13218261301517487
- 0.12506169080734253
- 0.359539657831192
- 0.08553514629602432
- 0.1023615375161171
- 0.11222106963396072
- 0.35817500948905945
- 0.07385065406560898
- 0.09848012775182724
- 0.11114762723445892
- 0.3649123013019562
