checkpoint: finetune/0/stage_0/5.pth
lamb: 8192.0
intra_period: 32
width: 832
height: 480
frame_num: 96
i_num: 3
p_num: 93
avg_time: 3.4076590538024902
all_frame_avg:
  rate: 0.1267953884137872
  distortion: 33.88299920507799
i_frame_avg:
  rate: 0.7832183440526327
  distortion: 37.035476000455766
p_frame_avg:
  rate: 0.10562045436092121
  distortion: 33.7813064052271
distortion:
- 37.01540069276105
- 35.4825474385746
- 35.17205315817335
- 34.87297196450478
- 35.691716135047066
- 34.95982953736542
- 34.59414027845847
- 34.32485807695374
- 35.154093476580066
- 34.473508888256234
- 34.121998726151915
- 33.867908808836795
- 34.75736925558939
- 34.05375436968914
- 33.65066688482954
- 33.41069465753707
- 34.27221554099346
- 33.64500365427099
- 33.37470199046302
- 33.19187020582898
- 34.0516503633867
- 33.41724694598983
- 33.141740689755856
- 32.93043119518722
- 33.78105263994812
- 33.11597099987438
- 32.75977267139198
- 32.564468669747775
- 33.430056296413554
- 32.7120880053721
- 32.48271893224805
- 32.44963958644397
- 36.935545322731855
- 34.71562357941005
- 34.342603433211046
- 34.11369463387941
- 35.074847358960895
- 34.11026085095311
- 33.73660299856575
- 33.38728923283662
- 34.35499866277682
- 33.43788320648217
- 33.118828400810635
- 32.993870021091546
- 34.132969896653975
- 33.333277997981526
- 33.06783100054233
- 32.9040301402673
- 34.03541791518342
- 33.22996968651026
- 32.99608373857271
- 32.83965786407235
- 33.95319435487439
- 33.21118090938261
- 33.05039466169626
- 33.00994231626682
- 34.17872287481468
- 33.46699193758079
- 33.26729291026196
- 33.13775854635752
- 34.242394675475396
- 33.42211894917033
- 33.25115618139365
- 33.110352628995315
- 37.1554819858744
- 34.663387309302585
- 34.16304498551269
- 33.836855089713104
- 34.987405857874265
- 33.979382816971395
- 33.68836224760009
- 33.56322048374593
- 34.61510303743762
- 33.69762835354034
- 33.38104955674917
- 33.25576957875342
- 34.36407908704557
- 33.61194408073472
- 33.41802297824174
- 33.34912941524276
- 34.47832545201655
- 33.76767506029739
- 33.71515786682765
- 33.71632983355387
- 34.845197502821904
- 34.09558388959612
- 33.87495560739235
- 33.70217055658044
- 34.62229478160586
- 33.54687393558676
- 33.27254642989894
- 33.30183635627541
- 34.464411114811675
- 33.72466255596537
- 33.48151032820906
- 33.34159792731948
rate:
- 0.8027663230895996
- 0.042078398168087006
- 0.041797228157520294
- 0.0399648267775774
- 0.15314271626994014
- 0.030204088427126408
- 0.03791886614635587
- 0.042071748059242964
- 0.1630059164017439
- 0.03176081273704767
- 0.03988861199468374
- 0.043690154794603586
- 0.17524240212514997
- 0.03560764389112592
- 0.04679363826289773
- 0.052680418360978365
- 0.1890415232628584
- 0.04267719853669405
- 0.05069927964359522
- 0.05484753521159291
- 0.1982529484666884
- 0.047483121044933796
- 0.0599127602763474
- 0.06596070667728782
- 0.2092557162977755
- 0.05405894573777914
- 0.06688146246597171
- 0.07620180863887072
- 0.23655177792534232
- 0.06796042202040553
- 0.07731877081096172
- 0.08069595042616129
- 0.8142099976539612
- 0.0792207308113575
- 0.07456187810748816
- 0.08066338393837214
- 0.20708793867379427
- 0.06606061430647969
- 0.07619110913947225
- 0.08413524320349097
- 0.2277852538973093
- 0.07760583562776446
- 0.08821624517440796
- 0.09424398886039853
- 0.2495323233306408
- 0.07921716710552573
- 0.08978293044492602
- 0.09263023408129811
- 0.2493945686146617
- 0.07813875935971737
- 0.0902822446078062
- 0.09403767250478268
- 0.24969874043017626
- 0.07928458647802472
- 0.09018453536555171
- 0.08847178751602769
- 0.23297447338700294
- 0.0697756721638143
- 0.08333519008010626
- 0.08947189152240753
- 0.2365371761843562
- 0.07779205543920398
- 0.08551193587481976
- 0.08895562821999192
- 0.7326787114143372
- 0.0965597927570343
- 0.09593283105641603
- 0.09896434377878904
- 0.23404561448842287
- 0.08393204072490335
- 0.09332648105919361
- 0.09461803175508976
- 0.23437454923987389
- 0.08576842630282044
- 0.09653135901317
- 0.10155554208904505
- 0.2386295422911644
- 0.084464224986732
- 0.0916756740771234
- 0.09553761640563607
- 0.22691976185888052
- 0.07982218498364091
- 0.08224408607929945
- 0.08352793287485838
- 0.20829909900203347
- 0.07130535459145904
- 0.08307342976331711
- 0.08692440995946527
- 0.21619674051180482
- 0.07673717057332397
- 0.08063277136534452
- 0.07762138498947024
- 0.20397604769095778
- 0.06342279445379972
- 0.07140441006049514
- 0.08024941431358457
img_rate:
- 0.8027663230895996
- 0
- 0
- 0
- 0
- 0
- 0
- 0
- 0
- 0
- 0
- 0
- 0
- 0
- 0
- 0
- 0
- 0
- 0
- 0
- 0
- 0
- 0
- 0
- 0
- 0
- 0
- 0
- 0
- 0
- 0
- 0
- 0.8142099976539612
- 0
- 0
- 0
- 0
- 0
- 0
- 0
- 0
- 0
- 0
- 0
- 0
- 0
- 0
- 0
- 0
- 0
- 0
- 0
- 0
- 0
- 0
- 0
- 0
- 0
- 0
- 0
- 0
- 0
- 0
- 0
- 0.7326787114143372
- 0
- 0
- 0
- 0
- 0
- 0
- 0
- 0
- 0
- 0
- 0
- 0
- 0
- 0
- 0
- 0
- 0
- 0
- 0
- 0
- 0
- 0
- 0
- 0
- 0
- 0
- 0
- 0
- 0
- 0
- 0
mv_rate:
- 0
- 0.010876452550292015
- 0.007932879030704498
- 0.005991684272885323
- 0.005680363159626722
- 0.004645694978535175
- 0.003953200299292803
- 0.004731695633381605
- 0.004134653136134148
- 0.0039367033168673515
- 0.003996728919446468
- 0.004233586136251688
- 0.0040976484306156635
- 0.004059337545186281
- 0.004261827562004328
- 0.004672389943152666
- 0.004756821319460869
- 0.0045567164197564125
- 0.004166279919445515
- 0.004694134462624788
- 0.004895793739706278
- 0.00495810154825449
- 0.004768833983689547
- 0.0053168958984315395
- 0.005536323878914118
- 0.005088037811219692
- 0.0051345559768378735
- 0.005550895817577839
- 0.00542271276935935
- 0.0056263539008796215
- 0.005182160064578056
- 0.005866506136953831
- 0
- 0.016047466546297073
- 0.00931244995445013
- 0.008587592281401157
- 0.00818250048905611
- 0.007138509768992662
- 0.005903471726924181
- 0.006586448755115271
- 0.006020361557602882
- 0.006528988014906645
- 0.005931228399276733
- 0.006474562454968691
- 0.006079103797674179
- 0.0062648518942296505
- 0.005296520423144102
- 0.006170344073325396
- 0.006122025661170483
- 0.005796289071440697
- 0.005387438461184502
- 0.006505174562335014
- 0.00594842154532671
- 0.00572058605030179
- 0.005726824980229139
- 0.00616389000788331
- 0.005747485905885696
- 0.005769581999629736
- 0.005350901745259762
- 0.006117634475231171
- 0.006331908516585827
- 0.005946129094809294
- 0.005628308281302452
- 0.006039718631654978
- 0
- 0.018504254519939423
- 0.010772918350994587
- 0.00866283755749464
- 0.008254473097622395
- 0.007285526487976313
- 0.006239863112568855
- 0.00696256197988987
- 0.005896028131246567
- 0.006337674800306559
- 0.005811383482068777
- 0.006700352765619755
- 0.007245965301990509
- 0.0072083426639437675
- 0.006192450877279043
- 0.006963899824768305
- 0.006611115299165249
- 0.006804364267736673
- 0.005492451600730419
- 0.006489123217761517
- 0.005557550583034754
- 0.0057703605853021145
- 0.004904262721538544
- 0.00596593925729394
- 0.0055814930237829685
- 0.00580636179074645
- 0.005503694526851177
- 0.005918621551245451
- 0.005576369818300009
- 0.005606713704764843
- 0.005058159586042166
- 0.005551167298108339
res_rate:
- 0
- 0.03120194561779499
- 0.033864349126815796
- 0.03397314250469208
- 0.14746235311031342
- 0.025558393448591232
- 0.033965665847063065
- 0.03734005242586136
- 0.15887126326560974
- 0.02782410942018032
- 0.035891883075237274
- 0.0394565686583519
- 0.1711447536945343
- 0.031548306345939636
- 0.0425318107008934
- 0.0480080284178257
- 0.18428470194339752
- 0.03812048211693764
- 0.046532999724149704
- 0.050153400748968124
- 0.19335715472698212
- 0.042525019496679306
- 0.05514392629265785
- 0.06064381077885628
- 0.2037193924188614
- 0.04897090792655945
- 0.061746906489133835
- 0.07065091282129288
- 0.23112906515598297
- 0.06233406811952591
- 0.07213661074638367
- 0.07482944428920746
- 0
- 0.06317326426506042
- 0.06524942815303802
- 0.07207579165697098
- 0.19890543818473816
- 0.05892210453748703
- 0.07028763741254807
- 0.0775487944483757
- 0.22176489233970642
- 0.07107684761285782
- 0.08228501677513123
- 0.08776942640542984
- 0.2434532195329666
