checkpoint: finetune/0/stage_0/5.pth
lamb: 8192.0
intra_period: 32
width: 416
height: 240
frame_num: 96
i_num: 3
p_num: 93
avg_time: 2.4956600666046143
all_frame_avg:
  rate: 0.24411378395355618
  distortion: 32.77814248084899
i_frame_avg:
  rate: 1.0753003756205242
  distortion: 36.693383938749896
p_frame_avg:
  rate: 0.2173013132546217
  distortion: 32.6518443693038
distortion:
- 36.54596400334056
- 32.975717742428216
- 32.61938341593384
- 32.387889427199724
- 33.90990062749693
- 32.55384354573136
- 32.24215067653375
- 31.93286616692566
- 33.41005768295277
- 32.1956742123469
- 31.916187059549223
- 31.834718583184408
- 33.35381037010541
- 32.12299822540577
- 31.86486499453716
- 31.76839554929235
- 33.36790362031711
- 32.186292851883984
- 31.96392896135678
- 31.858934679529376
- 33.38499311814738
- 32.16150037030409
- 31.90768005682212
- 31.73987545472866
- 33.247378963490064
- 32.044303303759165
- 31.829206356321865
- 31.73835836865816
- 33.261087104016234
- 31.969731948003513
- 31.74181550115032
- 31.638907470843947
- 36.6469680074494
- 32.93612185983781
- 32.68206586183765
- 32.45250216494857
- 34.090967229148745
- 32.91832221195199
- 32.652037070512826
- 32.47162754476567
- 33.95271036938865
- 32.56136448148978
- 32.29535440286768
- 32.12750009245882
- 33.65107674843779
- 32.382208180964135
- 32.083715540633214
- 31.934907414173473
- 33.503272422853556
- 32.320241522104745
- 32.130746294114374
- 32.04137020810914
- 33.69977649311651
- 32.42600620092931
- 32.26394049679795
- 32.18998386284442
- 33.70061002750251
- 32.518899729903126
- 32.31340548030573
- 32.28076904580077
- 33.82094478074648
- 32.60376878137579
- 32.22315297689637
- 32.12113196051751
- 36.88721980545974
- 33.07592357389172
- 32.58561473991069
- 32.168568137660955
- 33.77667632384263
- 32.380050056383624
- 32.1665864377561
- 32.084901016434586
- 33.74332574114986
- 32.45006663096779
- 32.284677729177204
- 32.2795703353491
- 33.91153448289316
- 32.62215530238783
- 32.35165669709711
- 32.32956737293479
- 34.02078744583344
- 32.69313242581559
- 32.57925378303823
- 32.65618712076757
- 34.294538891072584
- 32.99825320814928
- 32.74758138491526
- 32.75824575465303
- 34.3535356657672
- 33.07342409216754
- 32.877570390942694
- 32.68605186977615
- 34.276886592692584
- 32.849077123020315
- 32.60615618415114
- 32.45911196836228
rate:
- 1.1344761848449707
- 0.1943887658417225
- 0.1852743085473776
- 0.18220894038677216
- 0.4058513883501291
- 0.15251130610704422
- 0.16841457411646843
- 0.17866366263478994
- 0.43279409036040306
- 0.16268935054540634
- 0.18801018502563238
- 0.18671682104468346
- 0.41405847668647766
- 0.16400376241654158
- 0.17987355031073093
- 0.18189917225390673
- 0.40206056647002697
- 0.1487867059186101
- 0.17076178546994925
- 0.17946634255349636
- 0.4084891099482775
- 0.1483758119866252
- 0.17054636869579554
- 0.17852217890322208
- 0.42595819663256407
- 0.1645741332322359
- 0.17732110898941755
- 0.17993354983627796
- 0.4443644657731056
- 0.17334186471998692
- 0.19375341664999723
- 0.18591820169240236
- 1.0717910528182983
- 0.17821378260850906
- 0.16536330431699753
- 0.15086541883647442
- 0.3763228487223387
- 0.11174934543669224
- 0.12562579661607742
- 0.13410796225070953
- 0.3748795008286834
- 0.13056741654872894
- 0.1490656677633524
- 0.15547385346144438
- 0.39466407522559166
- 0.14359526243060827
- 0.1633920231834054
- 0.16766283567994833
- 0.4042166005820036
- 0.14030020032078028
- 0.1561762886121869
- 0.15712566580623388
- 0.3888493971899152
- 0.14872607588768005
- 0.17210542503744364
- 0.1843049181625247
- 0.4029124164953828
- 0.14005211554467678
- 0.16220362856984138
- 0.16458193492144346
- 0.3877874305471778
- 0.14686475694179535
- 0.16151388734579086
- 0.1808850448578596
- 1.0196338891983032
- 0.19562362134456635
- 0.20030871033668518
- 0.20391215197741985
- 0.4383457824587822
- 0.15771113522350788
- 0.17151626106351614
- 0.17170733027160168
- 0.39975790213793516
- 0.14961738977581263
- 0.16863038204610348
- 0.17215627059340477
- 0.39058053120970726
- 0.1544526033103466
- 0.17562974244356155
- 0.1750116292387247
- 0.3852323926985264
- 0.14642057847231627
- 0.1566661959514022
- 0.150940359570086
- 0.3538736514747143
- 0.14163689129054546
- 0.15907157212495804
- 0.15999514982104301
- 0.3450755551457405
- 0.1339860949665308
- 0.1636194521561265
- 0.17441578209400177
- 0.3748457180336118
- 0.14298986829817295
- 0.17077266424894333
- 0.1748317200690508
img_rate:
- 1.1344761848449707
- 0
- 0
- 0
- 0
- 0
- 0
- 0
- 0
- 0
- 0
- 0
- 0
- 0
- 0
- 0
- 0
- 0
- 0
- 0
- 0
- 0
- 0
- 0
- 0
- 0
- 0
- 0
- 0
- 0
- 0
- 0
- 1.0717910528182983
- 0
- 0
- 0
- 0
- 0
- 0
- 0
- 0
- 0
- 0
- 0
- 0
- 0
- 0
- 0
- 0
- 0
- 0
- 0
- 0
- 0
- 0
- 0
- 0
- 0
- 0
- 0
- 0
- 0
- 0
- 0
- 1.0196338891983032
- 0
- 0
- 0
- 0
- 0
- 0
- 0
- 0
- 0
- 0
- 0
- 0
- 0
- 0
- 0
- 0
- 0
- 0
- 0
- 0
- 0
- 0
- 0
- 0
- 0
- 0
- 0
- 0
- 0
- 0
- 0
mv_rate:
- 0
- 0.03385144844651222
- 0.021190768107771873
- 0.018390923738479614
- 0.018877381458878517
- 0.01797618716955185
- 0.013440307229757309
- 0.014444462023675442
- 0.015523876994848251
- 0.01564411073923111
- 0.012937872670590878
- 0.0158299021422863
- 0.016526132822036743
- 0.014613824896514416
- 0.013717973604798317
- 0.014442485757172108
- 0.016696838662028313
- 0.014357474632561207
- 0.014979935251176357
- 0.015582730993628502
- 0.01634085364639759
- 0.014901715330779552
- 0.012595669366419315
- 0.013421976938843727
- 0.014847318641841412
- 0.01590678282082081
- 0.015384840779006481
- 0.015739383175969124
- 0.016484089195728302
- 0.01633521355688572
- 0.015308703295886517
- 0.015471999533474445
- 0
- 0.037689827382564545
- 0.021962635219097137
- 0.01828490011394024
- 0.01918993704020977
- 0.017364205792546272
- 0.013948440551757812
- 0.014358393847942352
- 0.01229389663785696
- 0.016501903533935547
- 0.012259775772690773
- 0.013126681558787823
- 0.014049466699361801
- 0.015061466954648495
- 0.012877405621111393
- 0.014678782783448696
- 0.015560401603579521
- 0.014102728106081486
- 0.012378041632473469
- 0.013134880922734737
- 0.014218856580555439
- 0.015311524271965027
- 0.01410354021936655
- 0.015040437690913677
- 0.015178360976278782
- 0.014536028727889061
- 0.013181257992982864
- 0.013078446500003338
- 0.014692573808133602
- 0.015930771827697754
- 0.01242605596780777
- 0.01571713201701641
- 0
- 0.03358711302280426
- 0.02330733835697174
- 0.020656166598200798
- 0.020583324134349823
- 0.01870572753250599
- 0.014315283857285976
- 0.014979569241404533
- 0.015116135589778423
- 0.015019790269434452
- 0.014429530128836632
- 0.01620269939303398
- 0.016589727252721786
- 0.017091017216444016
- 0.01675157994031906
- 0.01618499495089054
- 0.015924040228128433
- 0.015450040809810162
- 0.013812071643769741
- 0.014861241914331913
- 0.015359532088041306
- 0.014361528679728508
- 0.013282321393489838
- 0.013343747705221176
- 0.012721545994281769
- 0.012221226468682289
- 0.011627950705587864
- 0.011936858296394348
- 0.01312053669244051
- 0.012989992275834084
- 0.011740408837795258
- 0.015461863949894905
res_rate:
- 0
- 0.16053731739521027
- 0.1640835404396057
- 0.16381801664829254
- 0.3869740068912506
- 0.13453511893749237
- 0.15497426688671112
- 0.1642192006111145
- 0.4172702133655548
- 0.14704523980617523
- 0.1750723123550415
- 0.17088691890239716
- 0.3975323438644409
- 0.14938993752002716
- 0.16615557670593262
- 0.16745668649673462
- 0.38536372780799866
- 0.1344292312860489
- 0.1557818502187729
- 0.16388361155986786
- 0.3921482563018799
- 0.13347409665584564
- 0.15795069932937622
- 0.16510020196437836
- 0.41111087799072266
- 0.1486673504114151
- 0.16193626821041107
- 0.16419416666030884
- 0.4278803765773773
- 0.1570066511631012
- 0.17844471335411072
- 0.17044620215892792
- 0
- 0.14052395522594452
- 0.1434006690979004
- 0.13258051872253418
- 0.3571329116821289
- 0.09438513964414597
- 0.11167735606431961
- 0.11974956840276718
- 0.3625856041908264
- 0.1140655130147934
- 0.13680589199066162
- 0.14234717190265656
- 0.38061460852622986
- 0.12853379547595978
- 0.150514617562294
