checkpoint: finetune/0/stage_0/5.pth
lamb: 8192.0
intra_period: 32
width: 832
height: 480
frame_num: 96
i_num: 3
p_num: 93
avg_time: 3.351450204849243
all_frame_avg:
  rate: 0.23042924269490564
  distortion: 32.2021403882328
i_frame_avg:
  rate: 0.8820485273996989
  distortion: 35.92914800494401
p_frame_avg:
  rate: 0.20940926576894459
  distortion: 32.08191433608083
distortion:
- 36.17629110425882
- 32.47544370611977
- 32.32832962468536
- 32.184488235292264
- 33.41611771278749
- 32.357829700284654
- 32.20899645616527
- 32.0736838253554
- 33.28663850909625
- 32.23721361607792
- 32.13697431630324
- 32.134806531439196
- 33.42711829891162
- 32.255897371174186
- 32.06085416465217
- 32.014506328008814
- 33.376136754469435
- 32.3094885076864
- 32.20146687250838
- 32.129523060022514
- 33.31440365946208
- 32.14621689614925
- 31.967326316243295
- 31.74975834092633
- 32.851088100397206
- 31.716869815952133
- 31.679320270000233
- 31.610479263055957
- 32.63076140273432
- 31.408849343789452
- 31.252385135430476
- 31.177226989339957
- 35.67411468757352
- 31.845027139232304
- 31.472460633715116
- 31.48198313357449
- 32.70294301356549
- 31.669885455003776
- 31.646157068099015
- 31.51277684366866
- 32.52975597705799
- 31.29346778316674
- 31.272706747638775
- 31.21484929073139
- 32.413410140337675
- 31.328048242721533
- 31.226125402293597
- 31.18750179680676
- 32.31687344185528
- 31.484013021849858
- 31.590742896385148
- 31.485630996121344
- 32.73823130744838
- 31.801421275587842
- 31.787459864101336
- 31.772368243425216
- 32.87932135511269
- 31.893074745254797
- 31.90112351890034
- 31.876957549569024
- 33.009670342280195
- 31.929207503174442
- 31.677243156378946
- 31.436346975688963
- 35.93703822299969
- 32.02341793224208
- 31.673384736331283
- 31.091448099296912
- 32.134433768256514
- 31.066197437053514
- 31.201974097460546
- 31.221860689490384
- 32.42192457732456
- 31.528195585917143
- 31.574993350437527
- 31.752600810321717
- 33.0226155588672
- 31.96449400917629
- 31.752336272064234
- 31.8383517422481
- 33.0074643426447
- 31.98132213954164
- 31.871370480669185
- 31.966081463691623
- 33.28228475627209
- 32.37069819266384
- 32.31830968710708
- 32.392906587497116
- 33.6319371078225
- 32.74084490580799
- 32.551441050106185
- 32.47758089832314
- 33.64752314929502
- 32.39405232617892
- 32.17482689959659
- 32.04417661654322
rate:
- 0.887902021408081
- 0.18314318545162678
- 0.16850940324366093
- 0.16394476778805256
- 0.3420402714982629
- 0.13889383990317583
- 0.14698168728500605
- 0.1565596191212535
- 0.3535912884399295
- 0.14518866874277592
- 0.15936431102454662
- 0.15812654327601194
- 0.34207532927393913
- 0.15267470944672823
- 0.16334335878491402
- 0.1645145770162344
- 0.3332056077197194
- 0.1450725132599473
- 0.15763903968036175
- 0.16198451817035675
- 0.33863626793026924
- 0.15267298929393291
- 0.16501630656421185
- 0.1690268348902464
- 0.3558232355862856
- 0.160715376958251
- 0.16998376976698637
- 0.17262786533683538
- 0.37903948593884706
- 0.18065684009343386
- 0.20032352209091187
- 0.199564547277987
- 0.9103764891624451
- 0.20440913178026676
- 0.19495738670229912
- 0.18257849011570215
- 0.35998596623539925
- 0.1465360214933753
- 0.15603577252477407
- 0.1592422965914011
- 0.3570744525641203
- 0.1658179173246026
- 0.18017724435776472
- 0.18385695852339268
- 0.37457056157290936
- 0.17554190661758184
- 0.1914815427735448
- 0.19078557007014751
- 0.3737769890576601
- 0.15612473152577877
- 0.15277486853301525
- 0.16887152660638094
- 0.3485817667096853
- 0.16059212759137154
- 0.17554894648492336
- 0.18320094980299473
- 0.3481581583619118
- 0.16455722320824862
- 0.1668138951063156
- 0.16535740159451962
- 0.3317710645496845
- 0.15031946543604136
- 0.17132694646716118
- 0.1790684862062335
- 0.8478670716285706
- 0.21290180459618568
- 0.21519885398447514
- 0.2323235860094428
- 0.41186897549778223
- 0.19763720594346523
- 0.19824753422290087
- 0.1937678186222911
- 0.37217617221176624
- 0.16253349278122187
- 0.16977328062057495
- 0.170209227129817
- 0.341103782877326
- 0.15388922952115536
- 0.18018548842519522
- 0.17667121440172195
- 0.3332709241658449
- 0.14247802831232548
- 0.14495868980884552
- 0.14682943746447563
- 0.3033664030954242
- 0.14087704569101334
- 0.15468367841094732
- 0.14578473288565874
- 0.294688924215734
- 0.13653007801622152
- 0.1549832122400403
- 0.16376286558806896
- 0.31807613279670477
- 0.1572502115741372
- 0.17079316079616547
- 0.17740447726100683
img_rate:
- 0.887902021408081
- 0
- 0
- 0
- 0
- 0
- 0
- 0
- 0
- 0
- 0
- 0
- 0
- 0
- 0
- 0
- 0
- 0
- 0
- 0
- 0
- 0
- 0
- 0
- 0
- 0
- 0
- 0
- 0
- 0
- 0
- 0
- 0.9103764891624451
- 0
- 0
- 0
- 0
- 0
- 0
- 0
- 0
- 0
- 0
- 0
- 0
- 0
- 0
- 0
- 0
- 0
- 0
- 0
- 0
- 0
- 0
- 0
- 0
- 0
- 0
- 0
- 0
- 0
- 0
- 0
- 0.8478670716285706
- 0
- 0
- 0
- 0
- 0
- 0
- 0
- 0
- 0
- 0
- 0
- 0
- 0
- 0
- 0
- 0
- 0
- 0
- 0
- 0
- 0
- 0
- 0
- 0
- 0
- 0
- 0
- 0
- 0
- 0
- 0
mv_rate:
- 0
- 0.022500814869999886
- 0.014906952157616615
- 0.013019056990742683
- 0.013441056944429874
- 0.01310065109282732
- 0.01060259435325861
- 0.011734980158507824
- 0.010892893187701702
- 0.01125086285173893
- 0.009952021762728691
- 0.010730127803981304
- 0.0107676200568676
- 0.011279632337391376
- 0.009908158332109451
- 0.010780325159430504
- 0.010924217291176319
- 0.010428615845739841
- 0.009955791756510735
- 0.010575011372566223
- 0.01094706729054451
- 0.011253474280238152
- 0.010081036016345024
- 0.010174600407481194
- 0.011067317798733711
- 0.010506143793463707
- 0.010348792187869549
- 0.010822533629834652
- 0.01251386571675539
- 0.011191700585186481
- 0.010783225297927856
- 0.011046216823160648
- 0
- 0.02385241724550724
- 0.014551009982824326
- 0.012120307423174381
- 0.012175638228654861
- 0.010173573158681393
- 0.008326536975800991
- 0.008673975244164467
- 0.008403195068240166
- 0.009282068349421024
- 0.008128139190375805
- 0.00868220068514347
- 0.009659690782427788
- 0.010400309227406979
- 0.010067817755043507
- 0.010563520714640617
- 0.010696487501263618
- 0.010553186759352684
- 0.009400172159075737
- 0.009945143945515156
- 0.010435795411467552
- 0.010785672813653946
- 0.010725697502493858
- 0.011321673169732094
- 0.010814853012561798
- 0.010581915266811848
- 0.010123178362846375
- 0.009249677881598473
- 0.010670769959688187
- 0.010891580022871494
- 0.009619828313589096
- 0.010843093506991863
- 0
- 0.022441823035478592
- 0.015638569369912148
- 0.015328600071370602
- 0.013789133168756962
- 0.012726536020636559
- 0.010531616397202015
- 0.010948601178824902
- 0.010773302987217903
- 0.01077838335186243
- 0.009898945689201355
- 0.010326353833079338
- 0.010945310816168785
- 0.011619245633482933
- 0.011934987269341946
- 0.011666573584079742
- 0.011202411726117134
- 0.010691860690712929
- 0.008425384759902954
- 0.00941396877169609
- 0.010493348352611065
- 0.010328464210033417
- 0.00896842684596777
- 0.008676347322762012
- 0.00853560771793127
- 0.00906027015298605
- 0.008652274496853352
- 0.009821979328989983
- 0.010606109164655209
- 0.01106093917042017
- 0.010461851954460144
- 0.011424600146710873
res_rate:
- 0
- 0.1606423705816269
- 0.1536024510860443
- 0.15092571079730988
- 0.328599214553833
- 0.1257931888103485
- 0.13637909293174744
- 0.14482463896274567
- 0.3426983952522278
- 0.133937805891037
- 0.14941228926181793
- 0.14739641547203064
- 0.33130770921707153
- 0.14139507710933685
- 0.15343520045280457
- 0.1537342518568039
- 0.3222813904285431
- 0.13464389741420746
- 0.147683247923851
- 0.15140950679779053
- 0.32768920063972473
- 0.14141951501369476
- 0.15493527054786682
- 0.1588522344827652
- 0.3447559177875519
- 0.1502092331647873
- 0.15963497757911682
- 0.16180533170700073
- 0.3665256202220917
- 0.16946513950824738
- 0.189540296792984
- 0.18851833045482635
- 0
- 0.18055671453475952
- 0.1804063767194748
- 0.17045818269252777
- 0.3478103280067444
- 0.1363624483346939
- 0.14770923554897308
- 0.15056832134723663
- 0.3486712574958801
- 0.15653584897518158
- 0.17204910516738892
- 0.1751747578382492
- 0.36491087079048157
- 0.16514159739017487
- 0.18141372501850128
